1.013,1.0244,1.0136,1.0216,1.0434,1.0568,1.1054,1.115,1.2108,1.2218,1.1874,1.1654,1.184,1.1822,1.2974,1.3332,1.2536,1.2748,1.219,1.2572,1.4292,1.5778,1.8476,2.2336,2.6334,2.9244,2.656,2.1632,1.9334,1.7078,1.5454,1.282,1.3726,1.4352,1.472,1.345,1.1178,1.1242,1.3694,1.4904,1.5968,1.6082,1.455,1.296,1.2204,1.2356,1.1216,1.0666,1.0552,1.02,1.0046,1.0138,1.005,1.0054,1.0104,1.0072,1.0052,1.0072,1.0012,1.007,1
1.053,1.088,1.0274,1.0168,1.061,1.0876,1.0682,1.156,1.1688,1.1558,1.0654,1.412,1.3816,1.213,1.2914,1.4464,1.414,1.221,1.2156,1.233,1.4448,1.1378,1.412,1.4768,1.1808,1.4556,2.1744,2.6914,2.6934,2.5358,2.611,2.252,2.309,2.7494,2.977,2.8696,2.392,2.1466,2.1744,2.3326,2.1302,2.0494,1.7368,1.3994,1.3024,1.1016,1.1862,1.1964,1.1048,1.0376,1.02,1.0076,1.0374,1.0312,1.0136,1.0194,1.0146,1.0162,1.0172,1.019,1
1.0382,1.0346,1.0582,1.0602,1.0926,1.138,1.1152,1.2206,1.4846,1.6268,1.9572,2.0478,1.8786,1.688,1.5738,1.7778,1.884,1.7784,1.8176,2.0012,2.4542,2.877,3,2.9662,2.9864,2.8322,2.6474,2.3914,1.9072,1.6562,1.5044,1.7928,1.8308,1.6616,1.289,1.3846,1.6416,1.6734,2.1366,2.101,1.6462,1.0896,1.6262,1.6774,1.826,1.7278,1.4138,1.1718,1.12,1.0534,1.025,1.008,1.0272,1.0274,1.0344,1.0264,1.022,1.0244,1.0228,1.0136,-1
1.0462,1.0702,1.006,1.0608,1.0678,1.172,1.3476,1.2702,1.2126,1.0694,1.115,1.2764,1.4548,1.8076,2.0446,2.3694,2.5042,2.552,2.5416,2.7254,3,2.7746,2.6114,2.752,2.8132,2.886,2.7692,2.3,1.594,1.4846,1.5984,1.457,1.4554,1.3058,1.2074,1.0704,1.2146,1.2746,1.2662,1.2908,1.223,1.088,1.1524,1.2762,1.1662,1.1308,1.1688,1.119,1.0994,1.0626,1.0308,1.0212,1.0194,1.0044,1.0104,1.0144,1.0112,1.0076,1.0086,1.006,1
1.0144,1.0054,1.0178,1.0122,1.084,1.173,1.2364,1.1998,1.3952,1.4636,1.4944,1.576,1.4252,1.1416,1.2388,1.5616,1.8442,2.0558,2.1714,2.2306,2.3506,2.5746,2.7948,2.9656,3,2.692,2.211,1.6072,1.0288,1.5052,1.867,1.9836,2.0818,2.1922,2.0496,1.7554,1.4738,1.344,1.3756,1.65,1.515,1.4846,1.5412,1.4646,1.3448,1.2914,1.235,1.1736,1.0784,1.0262,1.0184,1.0156,1.0142,1.0162,1.0068,1.0128,1.0074,1.0072,1.0024,1.0074,-1
1.1462,1.2498,1.333,1.2992,1.2886,1.554,1.511,1.3424,1.0932,1.2228,1.3478,1.632,1.6498,1.4328,1.4062,1.516,1.3592,1.4844,1.7218,1.362,1.5208,2.3144,2.9468,2.9514,2.6158,2.3042,1.983,2.0726,2.5298,2.05,2.0202,1.8438,1.832,1.3812,1.0446,1.8438,2.0992,1.4966,1.4068,1.5458,1.5674,1.8926,1.6356,1.1614,1.2384,1.4268,1.6482,1.589,1.2948,1.0422,1.0722,1.0888,1.046,1.058,1.0282,1.0322,1.0354,1.0388,1.0414,1.0114,-1
1.045,1.0038,1.015,1.0194,1.089,1.1812,1.1778,1.131,1.3248,1.2904,1.2884,1.1896,1.1236,1.3282,1.1416,1.1688,1.518,1.5358,1.6188,1.9356,2.1916,2.449,2.7546,2.8428,2.8564,2.9884,3,2.8142,2.709,2.4586,2.2998,2.2142,2.1176,2.1934,2.255,2.0918,1.9572,1.793,1.4174,1.3302,1.3672,1.1304,1.1516,1.0972,1.0706,1.0594,1.0482,1.0758,1.0238,1.0146,1.0102,1.0068,1.0258,1.02,1.0088,1.0114,1.006,1.007,1.0042,1.0054,1
1.0186,1.037,1.0112,1.0128,1.052,1.0916,1.094,1.0114,1.085,1.128,1.1776,1.3198,1.3082,1.5536,1.4352,1.5598,1.6982,1.5648,1.4958,1.601,1.86,1.9368,1.904,2.0052,2.2434,2.3142,2.3264,2.4642,2.7068,3,2.6896,2.2708,2.2616,2.2422,2.3952,2.1736,1.9778,1.7366,1.4086,1.2938,1.444,1.2898,1.298,1.2422,1.2288,1.1582,1.073,1.0304,1.017,1.024,1.0044,1.0138,1.0128,1.0258,1.0228,1.0108,1.0178,1.01,1.0116,1.005,1
1.0918,1.0874,1.0694,1.0912,1.0134,1.178,1.3596,1.3482,1.3196,1.2816,1.5386,1.6518,1.909,2.157,1.8942,1.4462,1.4328,1.6402,1.583,1.847,1.892,1.476,2.283,2.7932,2.7836,2.5058,2.3676,2.678,3,2.6724,2.0854,1.9154,2.6134,2.3946,1.783,1.3116,1.3196,1.4322,2.0356,1.9564,1.4688,1.7198,1.557,1.3614,1.0704,1.0946,1.0644,1.0816,1.0326,1.0176,1.0242,1.0134,1.0064,1.0218,1.0328,1.0302,1.014,1.017,1.0234,1.0112,1
1.0418,1.0556,1.023,1.089,1.0854,1.1532,1.2916,1.286,1.3788,1.3706,1.3496,1.3112,1.2952,1.2756,1.5168,1.7654,1.9568,2.072,2.2384,2.5824,2.8528,3,2.816,2.487,2.1114,1.6344,1.259,1.1196,1.5444,1.7232,1.6586,1.971,1.7872,1.369,1.0684,1.4978,1.7674,1.7028,1.5308,1.352,1.3198,1.1732,1.118,1.1626,1.0984,1.0834,1.099,1.0734,1.023,1.0236,1.0266,1.0192,1.0028,1.0098,1.0078,1.0058,1.0156,1.0094,1.0042,1.0022,-1
1.2176,1.2556,1.1852,1.2468,1.2552,1.3462,1.3896,1.8524,2.3656,2.1522,1.9466,1.4724,1.2046,1.5808,1.9426,1.9318,1.283,1.1698,1.6514,2.8014,2.8624,1.9712,1.2692,1.3208,1.5474,2.1218,1.7308,2.2278,2.094,2.6948,2.1276,2.0886,2.0172,2.2506,2.6994,2.6812,2.684,2.8272,2.5426,1.9764,1.7448,1.8938,1.9172,1.8982,2.1232,1.861,1.189,1.1588,1.0548,1.0308,1.028,1.091,1.0426,1.0164,1.0248,1.0334,1.0206,1.041,1.0356,1.0374,-1
1.086,1.1804,1.1666,1.1626,1.033,1.0554,1.1138,1.4114,1.7774,2.4212,2.4684,2.0066,1.6,1.3902,1.5534,1.7474,1.5014,1.5014,1.6584,1.9742,2.3054,2.6908,2.9478,3,2.333,2.0646,1.8048,1.6888,1.8478,1.8364,1.8786,1.2324,1.8672,2.3106,2.2344,1.8746,1.8236,1.7282,1.9144,1.8734,1.5928,1.8624,1.831,1.3648,1.2974,1.0276,1.2328,1.4104,1.2138,1.0398,1.0416,1.0352,1.0394,1.042,1.0282,1.0098,1.0054,1.0324,1.0118,1.0042,-1
1.0776,1.0648,1.1376,1.1796,1.2534,1.303,1.4268,1.5226,1.5664,1.5436,1.729,1.7868,1.7686,1.9354,2.0728,1.9646,1.967,2.1724,2.5158,2.3994,2.3836,2.7266,2.8214,2.8692,2.5768,2.717,2.8522,2.416,2.1558,2.043,1.901,1.6258,1.2896,1.2092,1.364,1.3038,1.2034,1.2876,1.3972,1.4078,1.5556,1.5758,1.2662,1.228,1.262,1.2866,1.1248,1.02,1.0196,1.0262,1.0304,1.051,1.0142,1.0526,1.0158,1.0222,1.0214,1.0136,1.0194,1.0134,-1
1.0662,1.0846,1.0948,1.1636,1.167,1.1512,1.0748,1.1922,1.1096,1.0386,1.1794,1.3468,1.3872,1.5606,1.6626,2.004,2.272,2.4192,2.6666,2.746,2.6146,2.5014,2.5052,2.4596,2.2354,1.9892,1.9062,1.8198,1.908,1.8248,1.6278,1.6388,1.7384,1.7552,1.8938,1.9554,1.9432,1.9328,1.7786,1.851,1.8128,1.7424,1.7726,1.5604,1.2566,1.2234,1.2606,1.1574,1.0872,1.0448,1.0266,1.0156,1.0348,1.0352,1.0076,1.0258,1.0132,1.0088,1.0268,1.0184,-1
1.1424,1.1802,1.2552,1.2994,1.2568,1.233,1.257,1.3368,1.366,1.4254,1.5782,1.797,1.9152,2.1642,2.0054,1.386,1.5158,1.6354,1.549,2.2372,2.7916,2.4884,2.0376,1.5622,1.3546,2.3214,2.5152,2.0244,1.9402,2.0958,1.8694,1.2552,1.1692,1.1854,1.0626,1.1996,1.3562,1.3172,1.6002,1.4416,1.291,1.579,1.6406,1.2828,1.1258,1.1468,1.161,1.1216,1.113,1.0572,1.0308,1.0308,1.0312,1.0108,1.006,1.0096,1.0174,1.0202,1.019,1.0136,-1
1.0516,1.0866,1.1094,1.1362,1.1568,1.25,1.2592,1.3458,1.5588,1.5908,1.5012,1.5202,1.4498,1.423,1.254,1.2386,1.3588,1.437,1.3292,1.148,1.125,1.4762,1.9648,2.2744,2.5062,2.7918,2.9882,2.9914,2.8656,2.8688,2.7708,2.538,2.373,2.278,2.2756,2.3258,2.1966,1.913,1.6258,1.8316,1.865,1.8062,1.8402,1.9114,1.791,1.5932,1.419,1.3116,1.1768,1.053,1.0242,1.0182,1.0124,1.0038,1.009,1.0158,1.0062,1.0126,1.0096,1.01,-1
1.0818,1.0842,1.1146,1.026,1.0366,1.2038,1.2108,1.214,1.4604,1.4518,1.4746,1.6646,1.7654,1.968,2.3624,2.511,2.9044,2.9652,2.7742,2.6536,2.5122,2.6434,2.3934,2.2888,2.3896,2.6028,2.2106,2.2168,2.7754,2.7114,2.1126,1.5794,1.7276,1.9572,1.5816,1.1798,1.4086,1.3414,1.0814,1.2572,1.3162,1.4382,1.3402,1.1942,1.4434,1.5464,1.3748,1.2124,1.133,1.081,1.0226,1.0056,1.0072,1.021,1.024,1.0174,1.0122,1.0122,1.006,1.0156,1
1.0186,1.0538,1.0434,1.0678,1.061,1.2344,1.29,1.1276,1.148,1.272,1.4264,1.7476,1.7476,1.5346,1.4666,2.0734,2.4624,2.5318,2.2542,1.879,1.866,1.8652,2.1088,2.472,2.7178,2.7978,2.884,2.8802,2.8758,2.715,2.4568,2.34,2.5094,2.7546,2.9838,2.9844,2.8838,2.6776,2.321,1.9632,1.5834,1.3538,1.2272,1.1402,1.3156,1.3876,1.2212,1.1386,1.0352,1.041,1.0618,1.0424,1.0182,1.0112,1.0172,1.0184,1.014,1.0232,1.012,1.022,1
1.0216,1.0172,1.0116,1.092,1.1504,1.1774,1.203,1.0988,1.0944,1.0786,1.2212,1.2824,1.4404,1.5952,1.8232,1.9508,2.078,2.2558,2.412,2.5836,2.8986,3,2.929,2.8864,2.7316,2.579,2.3002,1.8984,1.9478,2.2306,1.9858,1.639,1.747,1.6672,1.2104,1.1342,1.0758,1.0922,1.3388,1.4338,1.3354,1.1288,1.0318,1.1556,1.1306,1.042,1.1018,1.0774,1.0524,1.0202,1.0322,1.0058,1.0156,1.0228,1.0166,1.0116,1.0006,1.0046,1.0052,1.0054,1
1.0506,1.1616,1.1014,1.0488,1.3448,1.7646,1.7458,1.7166,1.6858,1.4394,1.5306,1.6446,2.1164,2.3832,2.5886,2.4304,1.7024,1.4016,1.5352,1.8598,2.056,1.6978,1.286,2.0906,2.2676,2.5424,2.3676,2.603,2.6146,2.662,2.5584,2.0098,1.2826,1.5534,2.0168,1.9574,1.2712,1.4598,1.5578,1.7666,1.5866,1.231,1.341,1.2588,1.1818,1.16,1.1134,1.0396,1.0228,1.0302,1.017,1.0356,1.0146,1.0158,1.0076,1.0232,1.0066,1.0078,1.0162,1.0106,1
1.073,1.3264,1.3272,1.2842,1.226,1.2612,1.4224,1.4536,1.5984,1.747,1.6084,1.0774,1.5358,2.0794,2.2408,2.4514,2.67,2.3776,1.89,1.7842,2.121,2.509,2.6622,3,2.7524,2.4184,2.4018,2.0028,1.7884,1.8912,1.8144,1.1546,1.2846,1.0802,1.7194,2.3694,2.4152,1.7194,1.1224,1.6054,1.7932,1.7736,1.476,1.4118,1.4576,1.3408,1.3174,1.3584,1.2044,1.0302,1.0446,1.022,1.0142,1.041,1.0328,1.0126,1.0156,1.0188,1.022,1.0136,1
1.1308,1.1298,1.1474,1.2264,1.4964,1.2514,1.3594,1.1978,1.492,1.6844,1.4256,1.2754,1.8064,2.1368,1.4796,1.8662,2.1908,2.1544,2.6352,2.767,2.0496,2.2746,2.675,2.3398,2.5512,2.75,2.66,2.3792,1.6744,2.281,2.4276,2.6404,2.3314,2.0508,1.592,1.1408,1.194,1.7882,2.2056,1.7042,1.7848,1.9616,1.9204,1.8328,2.0876,2.1298,1.639,1.4968,1.2598,1.165,1.0486,1.042,1.0722,1.0478,1.0894,1.0788,1.071,1.088,1.0486,1.0196,-1
1.0394,1.0788,1.0768,1.0152,1.0502,1.1258,1.1494,1.1156,1.2714,1.339,1.3468,1.494,1.6282,1.6594,1.5518,1.4112,1.2324,1.3768,1.678,1.7852,1.8564,2.0836,2.2896,2.4446,2.5706,2.5968,2.7694,2.9164,2.798,2.3662,2.2216,2.096,2.0116,1.8952,1.4802,1.281,1.3544,1.3484,1.6652,1.8042,1.6018,1.415,1.2412,1.051,1.0596,1.1382,1.1562,1.1554,1.0738,1.0114,1.0182,1.0268,1.0194,1.0084,1.0116,1.0144,1.0082,1.009,1.0094,1.0108,-1
1.0324,1.0506,1.0524,1.0772,1.129,1.0944,1.2112,1.2776,1.1196,1.2668,1.5938,1.9508,2.1354,2.138,2.2842,2.4974,2.7998,3,2.938,2.8064,2.537,2.3996,2.3288,2.1928,1.7422,1.1842,1.0962,1.1752,1.208,1.3428,1.6528,1.9224,1.7878,2.01,1.9666,1.7022,1.4638,1.8058,1.7352,1.302,1.149,1.279,1.3104,1.0754,1.1272,1.0886,1.0528,1.0446,1.0374,1.0154,1.0274,1.0142,1.0164,1.0464,1.0396,1.0148,1.007,1.02,1.0096,1.0038,-1
1.0178,1.0548,1.0496,1.0474,1.0448,1.169,1.2976,1.2448,1.3138,1.4238,1.6006,1.6188,1.5486,1.5094,1.374,1.2904,1.2914,1.4858,1.6518,1.7358,1.671,1.62,1.7828,2.056,2.2818,2.5414,2.7508,3,2.9612,2.3938,1.9946,2.004,2.0718,1.7684,1.3696,1.2298,1.314,1.2622,1.3166,1.5262,1.6206,1.9024,1.757,1.2538,1.2918,1.2184,1.297,1.277,1.1432,1.0352,1.0398,1.0192,1.0206,1.0186,1.005,1.0088,1.0042,1.0138,1.012,1.0036,-1
1.0188,1.1222,1.2272,1.2406,1.0806,1.2454,1.499,1.9132,2.3174,2.0158,1.67,1.1668,1.6008,1.7914,1.7538,1.7656,1.2494,1.2726,1.5356,2.8376,2.9558,1.6472,1.3888,1.3748,1.177,1.6886,1.5906,2.1816,1.9128,2.4668,1.3938,1.558,2.2424,2.7362,2.7242,2.876,2.6654,2.896,2.3442,1.8872,2.0326,1.7618,1.3114,1.2898,1.5324,1.3612,1.3398,1.5118,1.2258,1.0402,1.096,1.0468,1.035,1.0704,1.0316,1.0652,1.0402,1.0336,1.049,1.0308,-1
1.026,1.0012,1.0176,1.0912,1.105,1.1556,1.1862,1.1882,1.3422,1.2966,1.3064,1.22,1.178,1.2472,1.2394,1.229,1.4274,1.5676,1.728,2.086,2.3346,2.5958,2.8546,2.8054,2.8384,3,2.9642,2.8184,2.6368,2.3924,2.18,2.0894,2.0284,2.0778,2.1062,2.0636,1.9652,1.758,1.3662,1.35,1.3358,1.1348,1.1218,1.075,1.1066,1.0556,1.0358,1.0228,1.0146,1.0232,1.0184,1.0156,1.0082,1.0026,1.0022,1.009,1.0078,1.0044,1.0046,1.0032,1
1.0232,1.0358,1.0898,1.2192,1.3826,1.1848,1.1522,1.2184,1.1514,1.2012,1.5,1.7976,1.7618,1.9506,2.233,2.2928,2.6048,2.8416,2.9664,2.9268,2.7292,2.665,2.6552,2.6014,2.2204,1.9706,1.871,1.8614,1.8798,1.7666,1.6064,1.607,1.6394,1.4584,1.4262,1.4694,1.6402,1.891,1.731,1.543,1.3494,1.3562,1.4398,1.2112,1.1146,1.0614,1.0474,1.094,1.0204,1.0114,1.0062,1.0326,1.0198,1.0168,1.054,1.0554,1.0194,1.0108,1.0296,1.0184,-1
1.0586,1.0756,1.0514,1.0124,1.026,1.1224,1.179,1.2214,1.1946,1.1502,1.1056,1.2418,1.3526,1.4078,1.5454,1.4642,1.5352,1.5868,1.659,1.982,2.0804,2.2514,2.3652,2.5054,2.7008,2.7876,2.9856,2.8268,2.416,2.2636,2.2252,1.9276,1.5594,1.3442,1.333,1.5122,1.547,1.6418,1.5448,1.376,1.3104,1.5044,1.4242,1.3602,1.2946,1.1362,1.2182,1.1838,1.0794,1.0186,1.0152,1.013,1.0144,1.0216,1.0102,1.0204,1.0082,1.011,1.01,1.0174,1
1.0442,1.013,1.0328,1.0974,1.1038,1.1698,1.1624,1.3666,1.4456,1.362,1.5098,1.5968,1.5248,1.3786,1.1336,1.5332,1.8548,2.2582,2.5564,2.5372,2.6198,2.6986,2.888,2.89,2.931,2.609,1.9938,1.792,1.7712,2.1148,2.4618,2.7098,2.885,2.7452,2.3346,1.9388,1.3092,1.3496,1.7214,2.0416,2.0354,1.7404,1.448,1.1632,1.079,1.157,1.2104,1.2068,1.1528,1.0432,1.0334,1.0178,1.0102,1.003,1.015,1.0116,1.0032,1.014,1.0148,1.0076,-1
1.1712,1.0908,1.0764,1.0406,1.077,1.1068,1.428,1.622,1.5674,1.5502,1.5414,1.1892,1.204,1.9038,2.3474,2.3398,2.4132,2.1264,1.757,1.5442,2.0594,2.5394,2.7286,2.8608,2.8744,2.2494,2.2048,2.362,2.0094,2.155,1.9508,1.48,1.5558,1.3994,2.061,2.4818,2.555,1.8848,1.2832,1.7016,1.8964,1.8416,1.6108,1.447,1.5222,1.5596,1.4784,1.4042,1.2652,1.0716,1.0256,1.0344,1.0276,1.0158,1.0074,1.0102,1.0516,1.0204,1.0074,1.0074,1
1.025,1.0304,1.0436,1.035,1.0724,1.1392,1.1746,1.1232,1.2504,1.2604,1.1776,1.1,1.1256,1.2548,1.1602,1.1484,1.4096,1.59,1.6386,1.9134,2.1918,2.4202,2.645,2.685,2.813,2.9604,3,2.7504,2.5166,2.3232,2.1572,2.0256,1.9552,1.9988,2.0394,2.0142,1.9154,1.701,1.369,1.378,1.3934,1.2082,1.11,1.0984,1.1244,1.101,1.0494,1.0438,1.0204,1.0094,1.0038,1.0082,1.0148,1.006,1.01,1.0096,1.0034,1.0082,1.0172,1.0116,1
1.0456,1.0212,1.026,1.1684,1.2234,1.3012,1.3552,1.1994,1.2856,1.4454,1.5242,1.6218,1.5718,1.6632,1.751,1.8998,1.953,2.2508,2.4608,2.7404,2.8698,2.9228,2.8252,2.8886,3,2.891,2.763,2.504,2.4136,2.1972,1.7714,1.502,1.4324,1.1936,1.2646,1.2688,1.45,1.6488,1.7878,1.7612,1.6516,1.7308,1.5966,1.3558,1.307,1.2398,1.1918,1.153,1.1298,1.0626,1.037,1.0196,1.0356,1.0154,1.0148,1.019,1.011,1.009,1.0126,1.0078,-1
1.0434,1.0304,1.0692,1.0692,1.0968,1.1052,1.1546,1.1724,1.2902,1.422,1.4686,1.4174,1.329,1.3378,1.33,1.3934,1.5868,1.7418,1.8618,1.8322,2.0232,2.3002,2.5434,2.6982,2.8208,2.7824,2.6378,2.3558,2.0736,2.0414,2.1302,2.1498,2.05,1.851,1.666,1.4662,1.2902,1.3296,1.5388,1.746,1.8934,1.8266,1.7486,1.6042,1.4138,1.358,1.3378,1.2682,1.1538,1.0444,1.041,1.0246,1.0134,1.0022,1.0052,1.0098,1.0058,1.0044,1.0044,1.0064,-1
1.0498,1.0238,1.0554,1.152,1.2436,1.3076,1.2384,1.2458,1.4238,1.5062,1.571,1.5922,1.6682,1.8574,2.041,2.2174,2.4472,2.5154,2.5452,2.6196,2.799,2.8494,2.873,2.9706,2.9552,3,2.9792,2.8152,2.4612,2.1516,1.8938,1.7438,1.4158,1.191,1.0976,1.2812,1.5108,1.4108,1.3228,1.4464,1.3546,1.4586,1.5042,1.2928,1.1346,1.193,1.2984,1.2256,1.0926,1.0386,1.028,1.0054,1.0136,1.03,1.0024,1.0266,1.0096,1.0488,1.0154,1.0148,-1
1.0422,1.0638,1.083,1.0572,1.0242,1.0876,1.2598,1.278,1.139,1.1136,1.1738,1.387,1.2956,1.3742,1.3988,1.6566,2.3722,2.1628,1.5,1.3468,1.6726,2.1176,2.3184,2.4024,2.6198,2.7802,2.749,2.5774,2.745,2.8752,2.784,2.5016,2.3664,2.522,2.8034,3,2.8246,2.4776,2.183,1.8114,1.6038,1.4662,1.5862,1.4596,1.4782,1.382,1.2192,1.06,1.0342,1.0766,1.0106,1.018,1.0084,1.0306,1.0212,1.004,1.021,1.0098,1.014,1.016,1
1.047,1.0582,1.1498,1.1038,1.0454,1.1668,1.1354,1.4004,1.5752,1.7348,1.5948,1.1674,1.3824,2.008,2.2704,2.3608,2.501,2.319,1.9018,1.5928,1.8038,2.3588,2.6594,3,2.648,2.423,2.5452,2.2248,1.9872,2.1296,1.9812,1.364,1.3622,1.2214,1.9206,2.33,2.2846,1.4332,1.3902,1.9894,1.985,1.8082,1.4804,1.2784,1.3558,1.3892,1.3446,1.3044,1.1858,1.0358,1.0484,1.0166,1.0074,1.019,1.021,1.006,1.0264,1.0136,1.0216,1.018,1
1.0402,1.033,1.0688,1.066,1.0794,1.0886,1.1368,1.1806,1.3478,1.5142,1.5862,1.6216,1.7206,1.6004,1.5436,1.4014,1.3602,1.4468,1.7136,2.0984,2.4418,2.6636,2.7728,2.904,2.9274,3,2.9346,2.7328,2.5792,2.269,2.0702,1.8112,1.5126,1.5788,1.7176,1.8592,1.9546,1.9032,1.753,1.6102,1.3842,1.2368,1.3968,1.314,1.132,1.2588,1.1594,1.0104,1.0466,1.0304,1.025,1.0108,1.0114,1.0274,1.0218,1.007,1.0112,1.021,1.0164,1.0072,-1
1.0514,1.0894,1.0776,1.0478,1.263,1.2646,1.3216,1.429,1.1694,1.1122,1.1782,1.1722,1.3062,1.3048,1.3698,1.5742,1.4018,1.5496,2.0034,1.4344,1.9956,2.053,1.7294,2.1536,2.0322,2.143,1.8012,1.73,2.337,2.7318,2.6104,1.8164,1.6758,2.0184,2.3552,2.4626,2.2124,2.408,2.7698,2.7958,2.5502,2.4494,2.5466,2.5524,2.2018,1.9028,1.6192,1.3718,1.1912,1.0412,1.0412,1.0192,1.0306,1.0192,1.0262,1.0396,1.005,1.0398,1.051,1.036,1
1.052,1.0384,1.0508,1.0122,1.0704,1.1402,1.2526,1.216,1.3046,1.326,1.206,1.4374,1.3084,1.526,1.588,1.5956,1.1398,1.2802,1.598,1.783,1.7196,1.4806,1.8416,2.135,2.2188,2.2646,2.3098,2.5346,3,2.6926,2.1018,1.8888,2.0338,1.8536,1.3604,1.1582,1.107,1.3812,1.5122,1.4306,1.5538,1.5682,1.3466,1.163,1.067,1.1866,1.2036,1.0618,1.0416,1.0636,1.0264,1.0236,1.024,1.0102,1.014,1.003,1.007,1.0016,1.0088,1.0154,1
1.0402,1.0232,1.0246,1.049,1.1094,1.0416,1.1782,1.1672,1.267,1.2398,1.3484,1.2774,1.4084,1.516,1.5232,1.4194,1.5064,1.6426,1.8654,1.952,2.0656,2.2114,2.3392,2.4952,2.786,2.881,3,2.957,2.6946,2.5278,2.3402,1.9978,1.7436,1.4392,1.2832,1.536,1.526,1.6208,1.6784,1.4246,1.234,1.531,1.4406,1.3082,1.2928,1.2088,1.245,1.149,1.098,1.0448,1.0064,1.0152,1.009,1.0112,1.015,1.0074,1.009,1.0058,1.0016,1.0036,1
1.054,1.0326,1.0682,1.0494,1.1644,1.2512,1.2646,1.3168,1.4034,1.4244,1.442,1.4798,1.5928,1.8122,2.019,2.1024,2.3226,2.3608,2.304,2.3576,2.5622,2.6738,2.7938,2.9712,3,2.879,2.7834,2.621,2.3656,2.1144,1.8602,1.6678,1.407,1.1596,1.1618,1.305,1.5252,1.4912,1.396,1.4824,1.4818,1.3802,1.4154,1.3534,1.2238,1.1558,1.2688,1.192,1.1196,1.066,1.0394,1.0378,1.0408,1.017,1.0086,1.0184,1.0276,1.0188,1.021,1.0186,-1
1.0404,1.0208,1.065,1.0478,1.1614,1.3058,1.2308,1.1216,1.2634,1.274,1.1686,1.0538,1.2508,1.6092,2.1168,2.5946,2.6682,2.6114,2.7232,2.7538,2.8826,2.8806,2.8818,3,2.945,2.8618,2.8702,2.4634,1.8842,1.6488,1.8322,1.9222,1.8062,1.6,1.4918,1.2696,1.5082,1.451,1.3196,1.297,1.169,1.1138,1.171,1.2524,1.2306,1.114,1.0852,1.085,1.047,1.0012,1.0376,1.0254,1.0162,1.0134,1.0086,1.013,1.0098,1.0108,1.0146,1.0108,1
1.0588,1.0246,1.0234,1.0226,1.0994,1.1996,1.2652,1.2234,1.5968,1.6946,1.8462,2.0088,2.0474,1.8796,1.6472,1.5912,1.6572,1.6462,1.9056,2.2678,2.4088,2.6628,2.6898,2.7024,2.8276,2.997,3,2.5088,1.9322,1.7848,1.7698,1.9348,1.849,1.619,1.1504,1.577,1.8144,1.634,1.5726,1.5268,1.1082,1.3748,1.6918,1.9292,1.8732,1.5162,1.2638,1.101,1.0224,1.0118,1.0082,1.0112,1.0208,1.0158,1.0028,1.0108,1.003,1.0012,1.0162,1.0086,-1
1.0434,1.068,1.0784,1.0472,1.2162,1.2328,1.2796,1.2018,1.2294,1.3554,1.8158,1.8226,1.7946,2.0156,2.3018,2.6146,2.9638,3,2.8814,2.6904,2.6212,2.692,2.2424,2.163,2.549,2.6408,2.1202,1.5978,2.0018,2.3256,2.1506,1.811,1.7492,1.6962,1.316,1.2844,1.426,1.3732,1.2006,1.4792,1.4482,1.4058,1.142,1.3212,1.3338,1.34,1.3658,1.2806,1.1012,1.0448,1.019,1.0062,1.0206,1.0156,1.0154,1.0188,1.0062,1.006,1.0026,1.0138,1
1.0134,1.0192,1.0048,1.0116,1.0394,1.1236,1.0864,1.1902,1.1672,1.236,1.1956,1.1818,1.1312,1.1186,1.1664,1.2594,1.4076,1.7622,1.8902,2.0448,2.1822,2.3132,2.2616,2.1996,1.9916,2.1294,2.3812,2.7026,3,2.8332,2.5352,2.2354,2.0936,2.1032,2.0926,2.103,1.9122,1.6932,1.6768,1.5706,1.5004,1.3282,1.321,1.2982,1.2652,1.1374,1.1204,1.1122,1.0612,1.0308,1.0058,1.0096,1.0046,1.004,1.008,1.0038,1.0068,1.0068,1.0102,1.0062,1
1.047,1.044,1.0334,1.1032,1.1492,1.2242,1.2516,1.3434,1.6148,1.6398,1.5892,1.4968,1.502,1.3612,1.2826,1.6038,1.727,1.7774,1.596,1.4438,1.3248,1.2686,1.4092,1.7582,2.1542,2.509,2.6812,2.7094,2.8072,3,2.9292,2.5824,2.2824,2.1972,2.367,2.5542,2.6168,2.4852,2.259,2.1416,1.8866,1.6722,1.759,1.99,1.8746,1.4808,1.2256,1.3308,1.1866,1.045,1.0428,1.0442,1.0304,1.0166,1.0116,1.0046,1.0114,1.0104,1.0054,1.0042,-1
1.0908,1.0944,1.1394,1.2042,1.2794,1.2986,1.2974,1.1542,1.2342,1.335,1.5598,1.6646,1.8024,1.8592,2.07,2.0822,2.374,2.609,2.8388,2.8338,3,2.9944,2.8186,2.5836,2.341,2.0648,1.7144,1.4968,1.6322,1.755,1.6276,1.3426,1.5874,2.0468,2.1852,2.0874,1.9032,1.6758,1.643,1.4356,1.3348,1.5268,1.596,1.4074,1.231,1.1838,1.1764,1.0456,1.076,1.0284,1.0274,1.024,1.0084,1.0476,1.0258,1.0168,1.0436,1.0642,1.0308,1.0106,-1
1.003,1.0372,1.0578,1.039,1.103,1.1634,1.201,1.0248,1.2336,1.2952,1.4236,1.515,1.4708,1.2668,1.0184,1.3902,1.737,1.9292,2.0836,2.252,2.484,2.6514,2.7218,2.68,2.7898,2.989,3,2.9298,2.7494,2.2514,1.4368,1.589,1.729,2.0024,2.5686,2.8722,2.639,2.2414,1.9026,1.6008,1.5348,1.4482,1.6282,1.7386,1.5972,1.4452,1.1698,1.0718,1.0578,1.0244,1.009,1.0216,1.015,1.0178,1.0072,1.0058,1.0026,1.002,1.0064,1.0094,-1
1.1414,1.2504,1.2894,1.3288,1.3386,1.1688,1.143,1.1894,1.3166,1.2494,1.468,1.3528,1.4568,1.623,1.945,2.1086,2.0772,1.7492,1.9166,2.1922,2.4928,2.5288,2.1422,2.2514,2.339,2.4262,2.5134,2.6154,2.6954,2.8578,2.9026,2.599,1.8724,1.8096,1.9904,1.3424,1.7304,1.7526,1.5682,1.0854,2.0662,2.3904,1.8576,1.6126,2.167,2.1384,1.526,1.2392,1.1966,1.0748,1.0582,1.0312,1.0394,1.027,1.0254,1.0276,1.0266,1.0262,1.0308,1.0436,-1
1.0736,1.0558,1.0206,1.1132,1.1518,1.1358,1.194,1.2946,1.4328,1.5088,1.5872,1.587,1.5314,1.6374,1.5588,1.5068,1.396,1.3858,1.5652,1.649,1.7008,1.6648,1.8434,1.9548,1.9616,2.265,2.6668,2.8916,3,2.685,2.1048,1.959,2.04,1.7936,1.388,1.3038,1.402,1.3472,1.2058,1.4488,1.7434,1.8898,1.7878,1.406,1.402,1.4374,1.368,1.2954,1.1942,1.0448,1.0302,1.021,1.0048,1.0036,1.0114,1.0184,1.0018,1.0172,1.022,1.0104,-1
1.039,1.0284,1.0362,1.0812,1.0782,1.0498,1.1784,1.1946,1.168,1.2382,1.3044,1.2644,1.2868,1.2488,1.1306,1.178,1.2452,1.3692,1.776,1.7316,1.4594,1.522,1.8386,2.1696,2.1286,2.0896,1.9544,2.3794,2.9594,3,2.9092,2.767,2.5324,2.3094,2.0894,1.9186,1.9358,1.3974,1.1398,1.2986,1.3426,1.3308,1.52,1.7692,1.7508,1.4828,1.2154,1.0448,1.031,1.0374,1.025,1.0056,1.0134,1.024,1.0024,1.0044,1.0116,1.0084,1.0134,1.0024,1
1.019,1.0616,1.1078,1.0822,1.1226,1.2078,1.2032,1.2788,1.5184,1.749,1.8458,1.8998,2.0808,1.8606,1.6666,1.6992,1.6852,1.5702,1.8124,2.3666,2.53,2.334,2.1406,2.199,2.2968,2.7228,2.9638,2.876,2.687,2.2148,2.0806,2.378,2.1954,1.6488,1.1032,1.6314,1.718,1.7762,2.1432,1.8628,1.6102,1.8786,1.8604,1.9662,2.0168,1.3904,1.3078,1.4074,1.2108,1.0502,1.0714,1.0362,1.0038,1.0204,1.0266,1.008,1.0084,1.006,1.0062,1.0066,-1
1.0422,1.0256,1.003,1.09,1.1422,1.3126,1.3036,1.2412,1.3332,1.269,1.157,1.0734,1.2454,1.5228,1.856,2.2244,2.487,2.626,2.8012,2.9206,2.8324,2.828,2.5702,2.0268,1.6878,1.658,1.5142,1.737,2.153,2.238,1.9226,1.723,1.8868,1.7728,1.6186,1.4276,1.2224,1.2772,1.3046,1.1992,1.3288,1.3804,1.2626,1.3552,1.4,1.153,1.1454,1.1498,1.0898,1.0268,1.0348,1.0234,1.0046,1.0094,1.0098,1.0062,1.0048,1.0078,1.0102,1.003,-1
1.0268,1.0344,1.0356,1.0726,1.0888,1.1488,1.16,1.0912,1.0736,1.25,1.481,1.465,1.5046,1.2944,1.1338,1.22,1.4706,1.6564,1.8832,2.0334,2.3016,2.5586,2.5956,2.5572,2.7174,2.8642,2.8908,2.729,2.444,1.97,1.2714,1.5902,1.943,2.2072,2.6166,2.974,2.76,2.2822,1.8552,1.5404,1.5284,1.6684,1.867,1.9084,1.792,1.505,1.2168,1.0744,1.0572,1.0198,1.0092,1.0188,1.0096,1.0094,1.0032,1.0016,1.0084,1.0048,1.0054,1.0082,-1
1.0538,1.0766,1.101,1.1414,1.2626,1.4206,1.4526,1.5048,1.719,2.183,2.335,2.1358,2.035,1.6668,1.4004,1.5712,1.5874,1.6848,2.1898,2.5052,2.7918,2.6294,2.4218,2.4756,2.4402,2.6508,2.7834,2.964,2.6358,1.9696,1.6406,1.555,1.4764,1.5822,1.335,1.6312,1.3738,1.6782,2.1986,1.8248,1.2362,1.7302,1.931,1.9554,1.7034,1.184,1.2454,1.357,1.217,1.06,1.0692,1.0334,1.0398,1.029,1.0162,1.009,1.0086,1.0054,1.011,1.0114,-1
1.0328,1.1254,1.1476,1.1216,1.0466,1.2096,1.2676,1.1288,1.3044,1.156,1.3582,1.5362,1.3576,1.2078,1.396,1.6468,1.7496,1.5172,1.736,1.7016,2.1212,2.0462,2.0938,2.3908,2.2704,2.3514,2.6998,2.605,2.3126,2.7182,2.331,2.0738,1.6236,1.7526,1.5602,1.175,1.6638,1.8474,1.3602,1.7486,1.9254,1.3228,1.4988,1.6404,1.453,1.2292,1.0952,1.1886,1.1648,1.0342,1.0488,1.0516,1.0286,1.0452,1.0374,1.037,1.022,1.0188,1.0156,1.0224,-1
1.0228,1.0444,1.0538,1.0768,1.2434,1.4124,1.2978,1.1858,1.27,1.3598,1.4972,1.5946,1.7344,1.8788,2.0516,2.351,2.4804,2.6568,2.8066,2.9168,3,2.9964,2.7798,2.4986,2.2734,2.3488,2.4414,2.3642,2.1024,1.9578,1.7848,1.5066,1.2178,1.278,1.5102,1.6602,1.5636,1.4284,1.4532,1.4284,1.4708,1.5742,1.5192,1.385,1.2512,1.2006,1.1902,1.242,1.1456,1.0348,1.0426,1.0538,1.0304,1.0514,1.0194,1.0082,1.01,1.029,1.0206,1.005,-1
1.0136,1.0464,1.1026,1.0888,1.0498,1.1274,1.0844,1.226,1.3822,1.495,1.3212,1.1844,1.4796,1.644,1.859,1.5304,1.1332,1.2884,1.4746,1.519,1.4986,1.7806,2.2768,2.6074,2.4052,2.3748,2.3994,2.7116,3,2.9242,2.7992,2.515,2.3804,2.1372,1.8792,1.9092,1.5918,1.3174,1.3362,1.1684,1.2346,1.3508,1.5456,1.341,1.0388,1.0426,1.0708,1.084,1.0186,1.0408,1.0398,1.0346,1.0326,1.011,1.009,1.0136,1.0082,1.0104,1.0388,1.021,1
1.127,1.1418,1.0906,1.0666,1.037,1.252,1.203,1.3836,1.6724,1.78,1.9348,2.1264,2.1012,1.8686,1.6104,1.6984,1.795,1.775,2.056,2.4396,2.5404,2.7124,2.7376,2.8472,3,2.9324,2.9644,2.472,1.8316,1.5836,1.656,1.738,1.69,1.5726,1.1728,1.7448,1.9298,1.6976,1.3634,1.2284,1.244,1.5242,1.8922,1.9452,1.6526,1.2846,1.078,1.0812,1.0622,1.0172,1.0308,1.0096,1.005,1.0174,1.0144,1.019,1.0172,1.017,1.008,1.0102,-1
1.0416,1.0372,1.0262,1.0422,1.122,1.1226,1.1224,1.1012,1.1978,1.2186,1.2126,1.2358,1.2582,1.3182,1.336,1.3836,1.323,1.3294,1.2794,1.2852,1.4858,1.5632,1.858,2.2886,2.8122,3,2.6174,2.2238,2.052,1.7354,1.5492,1.204,1.2678,1.3164,1.3904,1.3574,1.0858,1.2192,1.3524,1.4962,1.63,1.584,1.3804,1.1392,1.1516,1.182,1.0882,1.0488,1.053,1.019,1.028,1.0148,1.0126,1.0162,1.0174,1.0088,1.0056,1.0038,1.0098,1.0046,1
1.0982,1.0558,1.1184,1.254,1.3544,1.3816,1.4434,1.1536,1.2492,1.4056,1.1894,1.4994,1.4418,1.639,1.668,1.6646,1.556,1.595,1.5896,1.3458,1.6528,1.7668,1.7046,2.082,2.0456,1.895,2.068,2.0646,1.7814,1.6912,1.8182,1.9278,2.116,2.1454,2.271,2.5126,2.3806,2.2352,2.0758,2.1244,2.3016,1.9594,1.7472,1.5608,1.3964,1.4876,1.3578,1.3412,1.1524,1.0476,1.0536,1.0162,1.0258,1.0322,1.0126,1.0238,1.0388,1.028,1.0664,1.0878,-1
1.062,1.0442,1.0866,1.0382,1.1928,1.3654,1.2212,1.3404,1.5608,1.8864,2.0444,2.1222,2.0758,1.8096,1.449,1.3568,1.4594,1.544,2.0418,2.3796,2.6404,2.756,2.52,2.5232,2.4304,2.4576,2.7372,2.9018,2.6696,2.146,1.8726,1.8578,1.848,1.6312,1.2574,1.2954,1.4124,1.48,2.0346,2.0336,1.2982,1.4814,1.683,1.8988,1.9248,1.4002,1.155,1.2464,1.1566,1.0178,1.0498,1.0408,1.0118,1.0106,1.0158,1.0074,1.003,1.0112,1.0134,1.0108,-1
1.0816,1.1306,1.0794,1.1208,1.0992,1.3634,1.2356,1.2048,1.1166,1.4352,1.4918,1.6664,1.6174,1.5226,1.6464,1.7462,1.8406,2.0728,2.4124,2.6392,2.767,2.6598,2.5218,2.521,2.6734,2.781,2.5304,2.1794,1.6074,1.1646,1.5574,2.4482,2.6064,2.61,2.5352,2.4936,2.2506,1.346,1.5832,2.0006,2.044,1.9648,1.8008,1.7754,1.3302,1.0884,1.1326,1.0836,1.095,1.047,1.0132,1.0124,1.0258,1.0368,1.0138,1.0396,1.0398,1.0204,1.014,1.011,1
1.0658,1.0432,1.0772,1.1254,1.2316,1.2964,1.4108,1.321,1.5064,1.5344,1.6112,1.6322,1.4628,1.4134,1.3608,1.5616,1.8846,2.1894,2.3202,2.1688,1.9078,1.9578,2.1292,2.0562,2.423,3,2.9128,2.218,2.0224,1.8,1.0964,1.3704,1.4372,1.2872,1.3514,1.2856,1.3288,1.6178,1.7296,1.8882,1.7718,1.5626,1.2476,1.1906,1.2402,1.165,1.1236,1.0282,1.0216,1.0248,1.0208,1.019,1.0302,1.0118,1.003,1.0106,1.0032,1.0084,1.0106,1.0148,-1
1.0822,1.0554,1.1208,1.105,1.0978,1.077,1.1222,1.2234,1.2474,1.46,1.274,1.267,1.4274,1.3052,1.155,1.2392,1.1806,1.1378,1.4142,1.595,1.5672,1.6706,1.7244,1.6404,1.6904,1.7124,1.7784,2.3244,2.8508,3,2.7056,2.2594,2.05,1.8024,1.5802,1.4014,1.6712,1.9598,2.2294,2.2492,1.9946,1.6984,1.5324,1.6274,1.8564,1.8524,1.7022,1.4916,1.2518,1.0654,1.0362,1.0434,1.0076,1.0038,1.013,1.0264,1.0216,1.01,1.017,1.0088,-1
1.0824,1.227,1.1036,1.0464,1.1292,1.2248,1.3574,1.4814,1.5364,1.4116,1.3092,1.5342,1.6282,1.5808,1.7062,2.0158,1.9278,1.3718,1.8948,1.8158,2.08,1.9572,1.8664,2.2226,2.0182,1.9212,2.4486,2.7974,2.7652,2.8402,2.601,2.2066,1.424,1.5732,1.8066,1.5606,1.6174,1.71,1.509,1.2864,2.1738,2.2862,2.1652,1.8572,1.9788,2.1554,1.863,1.528,1.3588,1.1544,1.1596,1.0752,1.0286,1.0544,1.0254,1.0332,1.019,1.045,1.0196,1.017,-1
1.1198,1.0948,1.0996,1.0774,1.2052,1.1546,1.1706,1.0894,1.2188,1.0702,1.3164,1.4046,1.4536,1.5658,1.7638,1.933,2.3374,2.7294,2.8722,2.8734,2.8288,2.8324,2.8622,2.7208,2.4654,2.1526,1.8324,1.8226,1.8292,1.6298,1.5872,1.6338,1.6298,1.8264,1.7988,1.839,1.9064,1.8838,1.9474,1.6862,1.6388,1.674,1.4986,1.53,1.3496,1.1864,1.106,1.0162,1.0684,1.0274,1.0056,1.0026,1.001,1.0454,1.0418,1.0162,1.0234,1.0228,1.0224,1.02,-1
1.0746,1.0562,1.0464,1.045,1.0358,1.1466,1.1682,1.2062,1.1986,1.1604,1.3128,1.513,1.5248,1.2358,1.1194,1.3126,1.4482,1.7172,1.3584,1.6512,2.2158,2.3976,2.6782,2.7106,2.542,2.243,2.1472,1.8804,1.8112,1.8822,2.026,2.193,2.4544,2.3078,2.1804,2.0786,1.9794,1.8162,1.829,2.2006,2.4392,2.3266,2.2574,1.8174,1.6424,1.5036,1.2964,1.1976,1.0634,1.0538,1.0132,1.0016,1.009,1.0048,1.0012,1.0146,1.0192,1.0108,1.017,1.012,1
1.0528,1.0142,1.0684,1.1586,1.2086,1.1566,1.2834,1.2352,1.0906,1.189,1.2264,1.168,1.1434,1.3936,1.5266,1.8382,2.01,2.3422,2.5844,2.6762,2.7518,2.8844,3,2.9862,2.915,2.7294,2.443,2.1602,1.9928,1.9772,1.8158,1.4886,1.3536,1.4944,1.7036,1.7524,1.5818,1.4622,1.6336,1.7108,1.7482,1.8886,1.6522,1.3926,1.1728,1.3376,1.3982,1.2434,1.1256,1.0646,1.0506,1.0428,1.0524,1.0354,1.0074,1.0136,1.0242,1.0154,1.0156,1.0132,-1
1.0278,1.0444,1.0178,1.0216,1.043,1.0272,1.1318,1.1908,1.1572,1.203,1.2522,1.1656,1.0986,1.1696,1.3028,1.2792,1.2132,1.3846,1.5982,1.6494,1.7594,2.1316,2.4966,2.7514,2.8096,2.5022,2.3716,2.4086,2.1728,1.7546,1.4412,1.5256,1.5344,1.5814,1.3964,1.4576,1.6372,1.5742,1.5842,1.5612,1.5364,1.4224,1.3026,1.3578,1.37,1.3434,1.1796,1.1312,1.089,1.022,1.0048,1.0124,1.0144,1.0226,1.0024,1.0044,1.005,1.0118,1.0078,1.0096,1
1.0072,1.0156,1.0184,1.0774,1.106,1.2394,1.2486,1.2052,1.2478,1.1776,1.1874,1.249,1.3198,1.3084,1.3692,1.3464,1.2954,1.3496,1.291,1.3158,1.4514,1.395,1.6736,2.1656,2.701,3,2.6914,2.3248,2.1128,1.785,1.6466,1.4108,1.384,1.4454,1.6294,1.4536,1.159,1.1496,1.2332,1.3938,1.5238,1.5014,1.3966,1.1896,1.1862,1.193,1.0762,1.087,1.0672,1.011,1.0158,1.0238,1.011,1.007,1.0072,1.0008,1.0036,1.0098,1.0048,1.0032,1
1.0672,1.0588,1.0952,1.1078,1.1588,1.1608,1.2272,1.2456,1.247,1.1684,1.0714,1.1378,1.341,1.6514,1.9204,2.245,2.4654,2.5686,2.5976,2.6522,3,2.9628,2.924,2.9202,2.8236,2.8172,2.5862,2.1754,1.6948,1.847,1.9266,1.682,1.5698,1.5694,1.3484,1.1098,1.2384,1.2308,1.171,1.3622,1.2528,1.1598,1.0756,1.2536,1.225,1.101,1.1898,1.1354,1.0518,1.034,1.0066,1.03,1.0222,1.0064,1.007,1.0338,1.0274,1.003,1.0138,1.0102,1
1.02,1.0388,1.031,1.0978,1.1678,1.2018,1.3254,1.4142,1.5392,1.598,1.6484,1.713,1.7902,2.0402,2.3906,2.6936,3,2.8556,2.702,2.602,2.6284,2.765,2.4604,2.2214,2.4318,2.6916,2.2638,1.9616,2.2582,2.4304,2.201,1.847,1.8212,1.7984,1.346,1.395,1.474,1.2678,1.3166,1.6302,1.3936,1.4108,1.2544,1.2258,1.3892,1.439,1.386,1.2996,1.1546,1.0392,1.0244,1.026,1.0146,1.0154,1.015,1.012,1.016,1.0038,1.0106,1.0038,1
1.0418,1.0522,1.024,1.1536,1.2128,1.336,1.6032,1.692,1.6628,1.825,1.7886,1.2668,1.9244,2.994,2.8274,2.6584,2.3988,2.565,2.7578,2.7002,2.784,2.8946,3,2.795,2.5612,2.6642,2.3004,1.9096,1.9464,1.6782,1.5494,1.1956,1.0954,1.2806,1.3668,1.4296,1.2542,1.3824,1.6782,1.6888,1.4738,1.239,1.533,1.5174,1.2786,1.2166,1.2766,1.2642,1.2138,1.065,1.0632,1.0114,1.0318,1.017,1.0744,1.0202,1.0254,1.0576,1.0258,1.0046,-1
1.0234,1.0138,1.0558,1.1166,1.183,1.2534,1.3154,1.3854,1.4722,1.4338,1.236,1.1508,1.5564,1.7516,2.0186,2.3184,2.4142,2.5064,2.6714,2.7186,2.923,2.9676,2.741,2.2806,2.0134,2.079,2.3868,2.6974,2.6426,2.1924,1.59,1.5516,1.577,1.3786,1.2892,1.191,1.1776,1.1672,1.1788,1.3094,1.4636,1.445,1.207,1.3442,1.4034,1.3574,1.2224,1.0796,1.061,1.0168,1.0078,1.0106,1.0058,1.004,1.0026,1.0058,1.004,1.0124,1.0052,1.0104,-1
1.0238,1.1164,1.1246,1.12,1.2794,1.3766,1.2844,1.2894,1.0974,1.1728,1.4286,1.744,1.533,1.4226,1.2206,1.2272,1.3868,1.8284,1.6558,2.2444,2.4936,2.5352,2.5734,2.6506,3,2.8962,2.5078,2.2016,2.0874,2.0774,2.1238,2.0282,2.2168,2.1242,2.1912,2.2156,2.005,1.5658,1.0954,1.5622,1.6844,2.0294,1.8744,1.494,1.3416,1.2686,1.1676,1.151,1.0608,1.0148,1.0138,1.005,1.0206,1.0148,1.0246,1.0138,1.0152,1.0146,1.006,1.0276,1
1.0214,1.0906,1.0578,1.1426,1.215,1.2038,1.3212,1.4238,1.6122,1.5872,1.6208,1.6862,1.4912,1.3774,1.2368,1.416,1.5472,1.6548,1.4688,1.252,1.1152,1.2482,1.6478,1.8714,2.1468,2.565,2.8504,2.8698,2.8696,3,2.8616,2.6956,2.521,2.408,2.5078,2.598,2.5346,2.191,1.9462,1.968,1.868,1.7908,1.9674,2.0758,1.897,1.5348,1.3082,1.2718,1.1882,1.0522,1.0158,1.0328,1.024,1.0226,1.0042,1.0194,1.0144,1.012,1.0034,1.0072,-1
1.158,1.1414,1.0704,1.332,1.266,1.0452,1.1542,1.5356,2.1328,2.3218,2.0004,1.5166,1.33,1.8694,1.903,1.9158,1.6732,1.8,2.065,2.802,2.9878,1.7378,1.2024,1.0496,1.4636,1.7962,1.4518,2.0494,2.3796,2.6632,1.8652,1.7482,2.1512,2.6086,2.5926,2.4348,2.4112,2.6296,2.5202,2.2068,1.9108,1.9458,1.8956,1.7444,1.9386,1.7678,1.1536,1.2934,1.1554,1.0938,1.0386,1.0596,1.078,1.0588,1.035,1.0498,1.0282,1.0146,1.005,1.0202,-1
1.0462,1.063,1.034,1.0452,1.082,1.0232,1.0446,1.161,1.473,1.4922,1.449,1.304,1.3464,1.6198,1.876,2.119,2.364,2.2328,2.3606,2.687,2.9842,3,2.5966,2.0852,1.7904,2.0358,2.13,1.6084,1.3762,1.792,1.4572,1.7088,1.8374,1.4796,1.3694,1.752,1.8662,1.7252,1.5038,1.374,1.2092,1.4678,1.3982,1.22,1.1368,1.0606,1.1348,1.157,1.091,1.0492,1.0302,1.025,1.0072,1.0246,1.0086,1.0228,1.0104,1.0182,1.0016,1.0184,-1
1.0616,1.0678,1.0404,1.1778,1.314,1.35,1.184,1.2706,1.3186,1.559,1.6672,1.588,1.3216,1.667,1.997,2.459,2.47,2.6506,2.7586,2.9314,3,2.7414,2.2942,2.1946,2.6436,2.551,2.2222,1.839,1.598,1.2708,1.4876,2.1248,2.111,2.3926,2.4596,2.4044,2.0936,1.2842,1.9476,2.282,1.875,1.6356,1.4754,1.5616,1.2748,1.2272,1.2068,1.1376,1.0844,1.0234,1.014,1.0334,1.0254,1.0276,1.018,1.0102,1.0058,1.0244,1.0112,1.004,1
1.0262,1.0402,1.009,1.0434,1.046,1.0962,1.1484,1.0666,1.2738,1.4158,1.459,1.398,1.2368,1.3782,1.5898,2.0686,2.37,2.5846,2.644,2.458,2.4704,2.5836,2.6114,1.9796,1.3868,1.5848,2.251,2.7092,2.7932,2.5642,2.0336,1.968,1.8076,1.6822,1.5698,1.4706,1.5398,1.8884,1.8646,1.6628,1.239,1.3338,1.7404,1.6144,1.189,1.309,1.2788,1.1544,1.123,1.046,1.0222,1.0336,1.0172,1.009,1.0124,1.013,1.006,1.0132,1.0058,1.0106,-1
1.0692,1.1018,1.0158,1.0486,1.0864,1.147,1.1876,1.2268,1.2456,1.3016,1.3618,1.478,1.5894,1.5732,1.802,2.065,2.0972,2.1646,2.2082,2.3498,2.4168,2.578,2.8568,2.9562,2.9476,3,2.9404,2.9912,2.647,2.204,2.0684,1.9734,1.7052,1.3132,1.1892,1.3226,1.5648,1.678,1.6038,1.589,1.5956,1.5352,1.411,1.4138,1.325,1.2432,1.2026,1.1488,1.0772,1.01,1.0292,1.008,1.0244,1.0214,1.0224,1.0204,1.0104,1.0048,1.0158,1.0062,-1
1.23,1.2326,1.1732,1.0716,1.0464,1.2534,1.4834,1.5322,1.8692,2.0756,1.7632,1.1982,1.1232,1.359,1.7814,1.7204,1.6082,1.4856,1.812,2.679,2.9554,1.936,1.122,1.4286,1.2696,1.5708,1.3234,1.5298,1.913,2.3004,1.5696,1.6592,2.074,2.3254,2.7252,2.7094,2.5696,2.8032,2.7654,2.2172,1.562,1.1812,1.2354,1.5388,2.0428,1.8464,1.468,1.3856,1.2184,1.1014,1.0456,1.0198,1.013,1.017,1.0332,1.022,1.038,1.0282,1.0136,1.0172,-1
1.2742,1.2452,1.277,1.2968,1.3552,1.2856,1.3546,1.4322,1.326,1.4134,1.8514,2.0968,2.4262,2.4006,2.3554,2.5878,2.8764,2.785,2.8292,2.5664,2.592,2.5966,2.5432,2.323,1.972,2.1144,1.9394,2.128,1.9034,1.6738,1.5368,1.4678,1.6104,1.6032,1.5506,1.2082,1.3514,1.6312,1.7206,1.5472,1.2602,1.4916,1.6808,1.3506,1.1358,1.2124,1.1286,1.1064,1.1062,1.0544,1.0342,1.0236,1.0258,1.0688,1.013,1.0134,1.0044,1.0158,1.0292,1.0102,-1
1.0362,1.0292,1.0052,1.0282,1.0842,1.0946,1.0722,1.1482,1.2796,1.209,1.1808,1.1342,1.1994,1.2112,1.0692,1.2462,1.3252,1.7304,1.6524,1.599,1.4218,1.4208,1.417,1.4564,1.1494,1.3938,1.8172,2.277,2.594,2.5016,2.1034,1.4428,1.9344,1.8958,1.4594,1.647,1.896,2.1162,2.304,2.0708,1.4956,1.4536,1.3576,1.1796,1.1072,1.0748,1.198,1.1912,1.0634,1.0284,1.0152,1.0446,1.051,1.029,1.0466,1.0082,1.0036,1.0096,1.0178,1.017,1
1.005,1.0618,1.0342,1.0456,1.0868,1.2448,1.3894,1.3322,1.2736,1.286,1.1988,1.45,1.4888,1.6478,1.6078,1.482,1.0734,1.3344,1.6076,1.8138,1.7226,1.3988,1.9222,2.3698,2.4544,2.4304,2.4204,2.7032,3,2.538,1.9682,1.7434,2.2192,2.022,1.5172,1.1832,1.1894,1.4574,1.696,1.419,1.3802,1.5882,1.4422,1.3048,1.1492,1.1212,1.1384,1.0892,1.0688,1.0164,1.0216,1.0298,1.0154,1.0072,1.0228,1.017,1.0202,1.0032,1.0056,1.0028,1
1.0522,1.0532,1.0446,1.1498,1.2728,1.3026,1.2632,1.3308,1.3728,1.4026,1.578,1.73,1.702,1.699,1.865,2.0796,2.2474,2.3752,2.4658,2.6214,2.6792,2.7264,2.7494,2.9214,2.9432,2.8242,2.7152,2.7596,2.544,2.1422,1.8528,1.572,1.6228,1.4132,1.233,1.037,1.2604,1.496,1.3274,1.2206,1.4288,1.4066,1.3774,1.274,1.2752,1.0614,1.0746,1.1212,1.0798,1.0338,1.027,1.0444,1.035,1.0254,1.0044,1.0248,1.0108,1.0042,1.0056,1.0046,-1
1.061,1.0726,1.0428,1.0454,1.0912,1.133,1.1878,1.1944,1.507,1.6254,1.4384,1.5242,1.4838,1.4358,1.2318,1.2474,1.1772,1.351,1.3516,1.308,1.1024,1.361,1.8078,2.1394,2.3154,2.4948,2.7086,2.817,2.7336,2.7784,2.813,2.7044,2.4408,2.24,2.2506,2.3696,2.4674,2.2562,2.145,2.2238,2.1194,1.993,2.0054,2.1544,2.1814,1.9606,1.7754,1.5558,1.2854,1.0848,1.0542,1.04,1.014,1.014,1.0172,1.0178,1.0148,1.0084,1.011,1.0042,-1
1.0736,1.0806,1.0634,1.0586,1.164,1.2684,1.2322,1.1326,1.031,1.1012,1.1812,1.509,1.2928,1.2544,1.2446,1.3338,1.2848,1.257,1.3714,1.2272,1.4138,1.0438,1.48,1.5094,1.048,1.3846,1.9506,2.4006,2.365,2.2886,2.4126,2.0746,2.3202,2.7416,2.9036,2.921,2.5424,2.3544,2.2862,2.344,2.207,2.031,1.7604,1.4556,1.3044,1.1602,1.1608,1.1504,1.1132,1.035,1.0116,1.0182,1.032,1.032,1.0162,1.014,1.027,1.0134,1.0156,1.0136,1
1.0856,1.111,1.1416,1.1236,1.243,1.3048,1.3086,1.0782,1.122,1.0226,1.251,1.4946,1.6022,1.7494,1.904,2.0784,2.3176,2.4226,2.5204,2.7344,2.6832,2.5948,2.677,2.8634,2.711,2.2324,1.8278,1.6538,1.6216,1.5108,1.6734,1.893,2,2.0222,2.0388,1.9238,1.8468,1.8744,1.8554,1.8866,1.74,1.6648,1.5128,1.5054,1.4274,1.3578,1.202,1.1056,1.0906,1.0236,1.0018,1.0284,1.0358,1.0158,1.012,1.0262,1.0178,1.0168,1.0226,1.0098,-1
1.0756,1.0636,1.0846,1.07,1.3574,1.327,1.1774,1.1634,1.3558,1.4106,1.627,1.6236,1.7372,1.777,2.17,2.5736,2.9478,3,2.9686,2.722,2.6886,2.8122,2.1694,1.8066,2.1892,2.3586,2.2778,2.0004,2.1156,1.9662,1.9458,1.6636,1.7938,1.7788,1.4628,1.2072,1.2624,1.1728,1.5138,1.6358,1.5298,1.5428,1.3426,1.1168,1.246,1.44,1.4396,1.2148,1.0846,1.0324,1.0186,1.0092,1.0088,1.0156,1.0204,1.013,1.0122,1.0124,1.0086,1.0106,1
1.0726,1.0956,1.0596,1.042,1.2818,1.3832,1.2698,1.3226,1.3406,1.2888,1.3978,1.4308,1.5726,1.714,1.796,1.8718,2.0668,2.2608,2.399,2.487,2.6758,2.7282,2.8028,2.8864,2.9072,3,2.9094,2.949,2.7924,2.4392,2.0924,1.6312,1.505,1.3938,1.4378,1.3066,1.1422,1.2996,1.351,1.4552,1.2644,1.2112,1.3946,1.3384,1.3762,1.2354,1.1558,1.099,1.0984,1.0388,1.05,1.023,1.038,1.011,1.0192,1.01,1.0132,1.0228,1.0146,1.0066,-1
1.1032,1.1888,1.1244,1.083,1.199,1.4862,1.3554,1.4036,1.5222,1.2588,1.5292,1.5556,1.8864,1.7344,1.407,1.5528,1.6504,1.3072,1.5568,1.7016,2.0374,2.4104,2.4286,2.3628,2.02,2.0616,2.2262,2.6776,2.8062,2.7214,2.9312,2.8336,2.4264,2.3796,2.462,1.8268,1.316,1.3638,1.2762,1.592,2.387,2.6492,2.0702,1.8806,2.2896,2.2428,1.6032,1.2758,1.0728,1.071,1.0912,1.0864,1.0548,1.0304,1.024,1.0258,1.004,1.0218,1.0148,1.0156,-1
1.067,1.0268,1.1392,1.236,1.0696,1.236,1.3896,1.3214,1.6072,1.8744,2.1066,2.1542,2.4044,2.4134,2.4734,2.4782,2.7244,2.8916,2.7564,2.5826,2.152,1.6122,1.1126,1.0478,1.5108,1.9724,2.0054,1.8804,1.5694,1.3594,1.712,1.7044,1.6642,1.6224,1.7276,1.1508,1.3668,1.364,1.363,1.3186,1.1152,1.1908,1.2172,1.1624,1.1568,1.0974,1.0878,1.1172,1.074,1.037,1.0604,1.0488,1.0464,1.0186,1.0318,1.0386,1.0064,1.0754,1.0252,1.0312,-1
1.0262,1.0136,1.0616,1.0622,1.017,1.1534,1.1542,1.128,1.1452,1.1802,1.15,1.1688,1.2452,1.3238,1.4634,1.5868,1.7052,1.7314,1.6442,1.6186,1.8168,1.857,1.9326,2.1912,2.3896,2.6772,2.775,2.2808,1.6616,1.685,1.984,1.9184,1.6068,1.8732,2.035,2.0244,1.9492,1.9804,1.9206,1.892,1.8392,1.5746,1.4592,1.1898,1.019,1.1054,1.0766,1.0214,1.0216,1.0154,1.0218,1.0124,1.0056,1.008,1.015,1.0078,1.0106,1.0026,1.0104,1.0046,1
1.0748,1.1172,1.1256,1.1068,1.051,1.2844,1.4144,1.5468,1.614,1.5194,1.6966,1.7998,1.9148,2.19,2.5848,2.6544,2.6174,2.7954,2.9656,2.7964,2.778,2.8734,2.8244,2.5872,2.3436,2.2636,1.973,1.6776,1.9664,1.7644,1.615,1.2534,1.1486,1.302,1.3812,1.3634,1.3418,1.1892,1.5658,1.6012,1.3204,1.2966,1.575,1.4094,1.2128,1.279,1.213,1.1054,1.079,1.0366,1.0706,1.0236,1.0126,1.0474,1.0064,1.0174,1.0248,1.0226,1.0196,1.0252,-1
1.2626,1.4678,1.6118,1.8528,1.802,1.3582,1.3706,1.011,1.3858,1.4462,1.5814,1.4518,1.6272,1.6604,1.732,1.7912,1.8772,1.934,2.051,1.747,1.4486,1.3946,1.8674,2.3064,2.014,1.5592,1.8326,2.19,2.0484,1.8356,1.7428,1.475,1.1726,1.2874,1.5792,1.9154,1.745,1.6744,1.7606,1.8362,1.7206,1.5422,1.3306,1.3902,1.5622,1.4492,1.3842,1.3,1.133,1.0386,1.0312,1.0724,1.042,1.0308,1.036,1.0026,1.0212,1.0254,1.0356,1.0462,-1
1.143,1.1698,1.1174,1.0436,1.1724,1.3602,1.3832,1.3792,1.592,1.8372,1.9734,2.0498,2.1918,2.371,2.7146,2.9436,2.7386,2.7422,2.7908,2.9844,2.796,2.6316,2.6746,2.5082,2.1786,2.0976,2.1286,2.0812,1.9566,1.8878,1.7396,1.5148,1.2956,1.3486,1.2458,1.3176,1.3606,1.2872,1.3334,1.526,1.4468,1.2478,1.1738,1.4184,1.2998,1.1352,1.1798,1.1854,1.1316,1.0172,1.0432,1.0306,1.0242,1.0192,1.0392,1.0084,1.0132,1.0198,1.0166,1.0248,-1
1.0886,1.0892,1.047,1.2016,1.4504,1.5222,1.4122,1.3336,1.3602,1.6166,1.7588,2.0728,2.2346,2.5684,2.6784,2.8032,3,2.7822,2.7506,2.5772,2.4312,2.5162,2.2744,1.642,1.4152,1.4558,1.6618,1.5694,1.3898,1.3342,1.205,1.2724,1.4424,1.2248,1.3354,1.2078,1.5124,1.5248,1.4472,1.236,1.2206,1.5662,1.477,1.051,1.3934,1.2966,1.0868,1.1254,1.1026,1.0946,1.0496,1.0548,1.041,1.0282,1.037,1.011,1.009,1.023,1.0304,1.02,-1
1.0402,1.0846,1.1108,1.1566,1.124,1.1742,1.2402,1.5414,1.2412,1.0558,1.4502,1.523,1.354,1.7418,1.9066,2.1106,1.9232,1.7594,1.69,1.533,1.479,1.2254,1.5112,2.0338,1.7558,1.8164,2.0706,2.0232,1.9088,1.8516,1.7738,1.7878,1.9322,1.7948,1.4388,1.3632,1.2046,1.4216,1.6506,1.7394,1.5824,1.602,1.5126,1.3854,1.4124,1.3502,1.1682,1.207,1.1282,1.0306,1.0162,1.0382,1.0364,1.032,1.058,1.018,1.0484,1.0448,1.038,1.0192,-1
1.042,1.0242,1.0406,1.2072,1.335,1.0836,1.1446,1.1656,1.0988,1.1372,1.225,1.3482,1.542,1.6174,1.715,1.9996,2.2022,2.294,2.6134,2.8016,2.7812,2.8676,3,2.8204,2.6992,2.5734,2.5376,2.5436,2.2536,1.8602,1.4154,1.2396,1.332,1.5236,1.7724,1.7916,1.6496,1.4604,1.65,1.8044,1.8688,1.8016,1.674,1.5036,1.4202,1.2362,1.23,1.11,1.0586,1.0366,1.0208,1.0234,1.0202,1.0122,1.0062,1.0198,1.016,1.0214,1.0322,1.0266,-1
1.0566,1.1198,1.1312,1.0458,1.1678,1.3346,1.2308,1.2196,1.274,1.3534,1.399,1.5738,1.655,1.7538,1.8338,2.0072,2.236,2.605,2.8666,2.8798,2.855,2.89,2.6656,2.5546,2.4014,2.2308,2.162,1.8908,1.7414,1.5782,1.437,1.3422,1.7156,1.7894,1.5734,1.4802,1.7238,1.6628,1.7526,1.9534,1.8118,1.7322,1.464,1.29,1.2034,1.2222,1.131,1.0542,1.0488,1.0358,1.0218,1.0294,1.034,1.0316,1.0092,1.0146,1.0108,1.0066,1.009,1.0158,-1
1.027,1.009,1.0102,1.0578,1.1122,1.1858,1.2062,1.1766,1.3192,1.3816,1.3152,1.2224,1.2394,1.2348,1.283,1.443,1.5316,1.5426,1.7724,2.1434,2.3594,2.7494,3,2.7896,2.684,2.8348,2.8614,2.81,2.6456,2.3972,2.1662,1.9848,1.9126,2.0318,2.134,2.0568,2.0288,1.7484,1.4564,1.2386,1.2176,1.0862,1.214,1.1166,1.0092,1.0946,1.0816,1.058,1.0384,1.0188,1.005,1.0074,1.0168,1.0204,1.0192,1.0048,1.0074,1.0056,1.006,1.006,1
1.0094,1.0118,1.016,1.1108,1.1766,1.2556,1.3348,1.2746,1.5844,1.6938,1.653,1.6526,1.4602,1.2506,1.4204,1.4802,1.3856,1.3346,1.2456,1.1804,1.3114,1.6582,2.0536,2.348,2.5812,2.7876,2.879,2.8986,2.808,2.8302,2.7656,2.6172,2.436,2.344,2.2894,2.3758,2.2482,1.9872,1.8288,1.848,1.9092,1.8784,1.8646,1.9842,1.942,1.6392,1.4482,1.3612,1.198,1.0502,1.0258,1.019,1.0252,1.0138,1.0078,1.0136,1.012,1.009,1.0004,1.0058,-1
1.0304,1.0204,1.0226,1.0526,1.0194,1.0782,1.1714,1.183,1.1898,1.3008,1.3822,1.423,1.4498,1.5146,1.3402,1.4046,1.5076,1.6834,1.8052,1.9106,2.105,2.1982,2.1708,2.4228,2.9,2.9716,3,2.9156,2.7284,2.4256,2.1786,1.8646,1.5794,1.3488,1.154,1.4594,1.4918,1.6202,1.6624,1.444,1.1742,1.4128,1.3616,1.3248,1.224,1.163,1.2234,1.19,1.0824,1.024,1.0096,1.0098,1.0082,1.0072,1.0026,1.0092,1.0074,1.0022,1.0068,1.0066,1
1.0352,1.0344,1.1002,1.057,1.0524,1.0702,1.0724,1.107,1.0516,1.0948,1.1052,1.3708,1.208,1.1896,1.1824,1.3376,1.3136,1.075,1.2632,1.4172,1.3952,1.1892,1.393,1.2484,1.1232,1.4282,1.9284,2.2942,2.268,2.2214,2.4092,2.0752,2.1868,2.6886,2.8962,2.941,2.5532,2.2626,2.152,2.2296,2.09,1.9626,1.6812,1.3832,1.2268,1.128,1.1822,1.196,1.1126,1.0374,1.0176,1.0084,1.035,1.0342,1.0158,1.01,1.0224,1.0358,1.0588,1.0126,1
1.0264,1.016,1.0376,1.0282,1.0872,1.1336,1.1218,1.0262,1.1798,1.1844,1.289,1.295,1.4174,1.5116,1.5206,1.397,1.4788,1.6268,1.8154,1.9058,1.9786,2.1332,2.2468,2.3482,2.6564,2.7646,2.8392,2.793,2.5098,2.3472,2.2926,2.0014,1.7326,1.4596,1.2724,1.4246,1.479,1.5346,1.573,1.412,1.3318,1.5266,1.5104,1.3392,1.2934,1.2572,1.1852,1.1432,1.065,1.0516,1.0272,1.0088,1.0056,1.0042,1.0044,1.0096,1.0276,1.028,1.0056,1.0128,1
1.1258,1.213,1.3052,1.2458,1.2874,1.238,1.1768,1.1814,1.4214,1.7194,2.0932,2.041,2.0254,2.079,2.3116,2.741,2.9572,2.867,2.5834,2.4766,2.3816,1.77,1.1342,1.1004,1.5434,1.5678,1.4468,1.3822,1.0816,1.5062,1.3958,1.3782,1.4866,1.3912,1.5334,1.268,1.2146,1.4046,1.3588,1.0454,1.2626,1.355,1.3098,1.3252,1.1416,1.0258,1.159,1.1524,1.0234,1.0122,1.0514,1.0178,1.0524,1.0216,1.0276,1.0374,1.046,1.0114,1.0226,1.0262,-1
1.0582,1.08,1.1542,1.1618,1.1042,1.2102,1.029,1.1348,1.2588,1.2292,1.1884,1.1588,1.0504,1.2382,1.209,1.41,1.3112,1.538,1.7568,1.8048,1.694,1.279,1.2416,1.5654,1.3,1.5252,1.8936,2.504,2.8072,2.5624,1.9532,1.4966,2.0744,2.2558,1.7294,1.9144,2.2718,2.2948,2.104,1.6506,1.4584,1.1306,1,1,1,1,1,1,1,1,1,1.0112,1.0474,1.0408,1.01,1.0274,1.0328,1.0162,1.0278,1.0222,1
1.0358,1.0272,1.0816,1.1266,1.1192,1.1616,1.418,1.693,2.0552,2.193,2.2508,1.9014,1.7386,1.5728,1.327,1.0844,1.357,1.8788,2.39,2.6194,2.71,2.7434,2.7202,2.8402,2.7458,2.6168,2.7388,2.6822,2.1586,1.7508,1.697,1.9278,2.299,2.3802,2.1332,2.0376,2.012,1.777,1.7524,1.7476,1.521,1.3182,1.375,1.4534,1.3154,1.2422,1.1766,1.17,1.071,1.0438,1.0172,1.0246,1.012,1.0374,1.0222,1.0252,1.0162,1.031,1.032,1.017,-1
1.0274,1.0594,1.0232,1.0164,1.0482,1.0506,1.0558,1.026,1.0978,1.1748,1.22,1.2168,1.2188,1.2046,1.1202,1.1812,1.2626,1.5516,1.732,2.0538,2.162,2.2362,2.175,1.9278,2.0848,2.4734,2.8178,3,2.6494,2.0882,1.6698,1.1754,1.32,1.8338,2.3152,2.478,2.5926,2.4986,2.359,1.9426,1.471,1.3408,1.5456,1.8032,1.825,1.694,1.5478,1.358,1.1844,1.0552,1.0338,1.0162,1.008,1.005,1.0072,1.0116,1.0134,1.007,1.0086,1.0066,-1
1.0432,1.0248,1.0348,1.0304,1.1216,1.2052,1.2278,1.1754,1.232,1.1732,1.3128,1.156,1.1994,1.183,1.1324,1.2268,1.348,1.5146,1.6588,1.782,2.0876,2.223,2.4044,2.522,2.5946,2.821,2.7614,2.5898,2.598,2.436,2.2814,2.2624,2.1858,2.2336,2.2996,2.3528,2.2506,2.0234,1.778,1.6546,1.5018,1.306,1.2646,1.3314,1.243,1.1956,1.0904,1.0546,1.0358,1.0184,1.0036,1.0104,1.0098,1.0192,1.0268,1.0244,1.0094,1.0036,1.0012,1.0046,1
1.0414,1.107,1.0668,1.1636,1.148,1.0648,1.1836,1.214,1.3106,1.2468,1.3592,1.3574,1.2494,1.5154,1.674,1.798,1.3294,1.4532,1.6438,2.0712,2.6318,3,2.7402,2.3778,2.2598,2.1476,2.1414,2.1952,1.8602,1.4116,1.2,1.4494,1.4616,1.7954,1.6634,1.3452,1.2858,1.4336,1.3934,1.428,1.7348,1.4046,1.1556,1.185,1.4776,1.68,1.5188,1.2204,1.1822,1.0924,1.0342,1.0066,1.01,1.038,1.0206,1.0242,1.0084,1.018,1.014,1.0198,-1
1.036,1.0888,1.0952,1.1396,1.323,1.1774,1.1192,1.2142,1.635,1.5836,1.6546,1.607,1.6066,1.5174,1.3364,1.2616,1.5606,1.9038,2.3282,2.5366,2.392,1.8786,1.4864,1.5772,1.9948,2.6344,3,2.8476,2.7038,2.5444,2.1544,2.038,2.3648,2.244,2.0108,1.7156,1.7618,1.7626,1.6718,1.5542,1.7296,1.7668,1.6906,1.4192,1.2062,1.1596,1.1402,1.1052,1.0482,1.0234,1.0244,1.0244,1.0228,1.0196,1.0054,1.005,1.0052,1.01,1.0146,1.0044,-1
1.0614,1.1046,1.1306,1.1042,1.1222,1.1154,1.133,1.1328,1.292,1.5584,1.7754,1.9984,1.9962,1.9944,2.1214,2.4678,2.646,2.8346,2.995,2.9822,2.648,2.2996,2.196,1.9724,1.63,1.3086,1.1978,1.0568,1.2016,1.5272,1.5388,1.586,1.585,1.7996,1.732,1.6344,1.9218,1.8748,1.364,1.6752,2.2404,1.8896,1.3726,1.284,1.1178,1.1152,1.1344,1.0538,1.049,1.038,1.0126,1.0642,1.0378,1.0274,1.0554,1.0304,1.0104,1.0242,1.0248,1.011,-1
1.1936,1.1642,1.1258,1.1216,1.1234,1.2414,1.1888,1.8446,2.1488,2.005,1.6976,1.34,1.4152,1.6174,1.8448,2.0624,1.4872,1.3768,1.3816,2.6642,3,1.8152,1.192,1.3856,1.4838,1.758,1.5786,1.6902,1.7554,2.0426,1.4632,1.667,1.9562,2.2232,2.341,2.475,2.4712,2.5584,2.3576,2.0518,1.5524,1.309,1.4038,1.4462,1.8442,1.6134,1.2658,1.2698,1.2114,1.0998,1.0412,1.0146,1.0162,1.0606,1.038,1.0424,1.0252,1.0402,1.042,1.0082,-1
1.0458,1.0738,1.008,1.075,1.091,1.2904,1.4422,1.2376,1.15,1.3262,1.5418,1.6716,1.8182,1.88,2.097,2.4426,2.6274,2.837,3,2.8836,2.8232,2.8698,2.4968,2.0292,1.8212,1.6886,2.3962,2.7426,2.8026,2.6028,1.876,1.2638,1.3418,1.4968,1.6088,1.4624,1.2676,1.4112,1.4948,1.558,1.322,1.0112,1.0702,1.2296,1.2662,1.0552,1.1526,1.1262,1.0618,1.048,1.023,1.0128,1.0044,1.0244,1.0302,1.0112,1.0052,1.0058,1.0208,1.0326,1
1.026,1.024,1.0872,1.1248,1.0856,1.0698,1.0768,1.0892,1.2636,1.275,1.4052,1.4778,1.4224,1.2888,1.1484,1.3066,1.6104,1.8232,2.0932,2.1866,2.3326,2.4666,2.4272,2.4028,2.5516,2.8274,2.9928,3,2.7762,2.317,1.5414,1.3492,1.5418,1.9706,2.4368,2.6418,2.5072,2.2992,1.9416,1.6964,1.7016,1.6362,1.7048,1.7318,1.5692,1.3428,1.1388,1.0606,1.0584,1.0232,1.0048,1.0168,1.02,1.0036,1.007,1.0116,1.0022,1.0018,1.0066,1.0052,-1
1.0376,1.074,1.1906,1.1648,1.0498,1.0976,1.2848,1.3944,1.3746,1.3612,1.4278,1.3046,1.395,1.9688,2.4596,2.5614,2.5812,2.2244,1.84,1.5614,2.0296,2.5138,2.7192,3,2.6914,2.3594,2.3942,2.1686,1.9544,2.0402,1.8482,1.3184,1.3336,1.1176,1.7934,2.4294,2.4638,1.7018,1.1178,1.538,1.84,1.7748,1.488,1.4,1.4614,1.3772,1.392,1.3402,1.2732,1.0796,1.0286,1.0186,1.0066,1.0226,1.006,1.0114,1.018,1.0114,1.0136,1.0048,1
1.0402,1.0356,1.0548,1.0464,1.1448,1.1666,1.2464,1.2596,1.417,1.544,1.4376,1.6074,1.5918,1.4118,1.1812,1.322,1.36,1.436,1.4052,1.3012,1.1042,1.4286,1.8666,2.1886,2.3852,2.5152,2.7574,2.812,2.7056,2.8174,2.9314,2.8612,2.5548,2.3286,2.3208,2.3768,2.3876,2.1864,2.1548,2.2446,2.1682,1.9054,1.9822,2.1524,2.0026,1.8084,1.6246,1.4464,1.217,1.0828,1.0506,1.0262,1.0098,1.0208,1.0204,1.0184,1.0166,1.004,1.0096,1.0072,-1
1.0326,1.0396,1.0404,1.0772,1.1504,1.2888,1.2974,1.2968,1.4884,1.5644,1.7382,1.75,1.7854,1.6616,1.217,1.2278,1.6892,2.0882,2.294,2.4552,2.5788,2.6528,2.7394,2.5672,2.428,2.1396,1.5816,1.9272,2.2818,2.481,2.6138,2.684,3,2.9072,2.351,1.781,1.2498,1.7258,2.2712,2.6232,2.5328,2.0834,1.5228,1.3446,1.5628,1.5528,1.397,1.3004,1.2438,1.0986,1.0054,1.0154,1.0052,1.0062,1.0166,1.004,1.0168,1.0216,1.0166,1.0066,-1
1.0418,1.0382,1.0822,1.0642,1.1396,1.3158,1.2876,1.2804,1.6096,1.7828,1.7008,1.7338,1.7886,1.6622,1.6662,1.6004,1.4648,1.2762,1.69,1.8856,1.978,1.7354,1.8758,1.9728,2.2414,2.4512,2.3248,2.5378,2.5962,2.7154,2.8546,2.4018,1.9702,1.6818,1.2812,1.2294,1.2866,1.364,1.721,2.1058,2.1976,2.0154,2.1024,2.0054,2.4068,2.1808,1.8138,1.5522,1.3168,1.102,1.0108,1.0156,1.0402,1.0208,1.0078,1.0062,1.0124,1.0174,1.014,1.0084,-1
1.1052,1.1126,1.2438,1.2412,1.0492,1.2044,1.1078,1.0878,1.4582,1.3264,1.5088,1.5614,1.6022,1.6722,1.6048,1.457,1.582,1.2632,1.2302,1.6808,2.1124,2.2758,2.3106,2.4768,2.3068,2.0846,2.3754,2.465,2.5452,2.6458,2.7574,2.8216,2.341,2.2184,2.501,1.955,1.3332,1.7498,1.7552,1.4212,2.1772,2.1256,1.5154,2.049,2.2298,2.0246,1.677,1.2998,1.1092,1.054,1.076,1.0678,1.0298,1.067,1.0752,1.0348,1.0264,1.0206,1.0728,1.0416,-1
1.0252,1.1038,1.1242,1.1036,1.2144,1.5174,1.4608,1.4134,1.6832,1.8568,1.603,1.2414,1.6598,2.1414,2.3924,2.9502,3,2.8586,2.242,1.9172,2.0002,2.0064,2.4164,2.684,2.6218,2.538,2.621,2.2406,1.4712,1.519,2.2598,2.3524,1.5806,1.8786,2.7058,2.436,1.9602,2.1712,1.9986,1.5732,1.1202,1.2334,1.5474,1.5624,1.4156,1.132,1.0982,1.069,1.0344,1.0574,1.0054,1.0416,1.0096,1.0398,1.0252,1.0044,1.0074,1.0068,1.0228,1.0154,1
1.0192,1.0808,1.1364,1.1376,1.1774,1.1864,1.191,1.428,1.5092,1.5904,1.805,2.0296,1.9802,1.8254,1.715,1.6894,1.6136,1.589,1.8702,2.4528,2.6294,2.6206,2.333,2.3916,2.5496,2.7376,3,2.9882,2.7586,2.2964,2.1752,2.2816,1.9944,1.551,1.06,1.6712,1.6334,1.8266,2.2562,1.9954,1.5226,1.9394,1.9612,1.9842,2.0588,1.4432,1.2802,1.3776,1.1894,1.0268,1.062,1.0474,1.0156,1.0288,1.034,1.0024,1.0218,1.0072,1.0086,1.0036,-1
1.0218,1.0186,1.0242,1.0756,1.1358,1.1726,1.2008,1.1328,1.1882,1.2072,1.1944,1.1002,1.3092,1.6808,1.9608,2.314,2.5476,2.5654,2.6304,2.6258,2.6594,2.707,2.774,2.7788,2.796,2.9334,3,2.8268,2.3524,1.9318,1.579,1.5918,1.3492,1.4224,1.5138,1.4552,1.4298,1.3202,1.0742,1.0234,1.0976,1.0576,1.1194,1.0862,1.0738,1.005,1.0654,1.0514,1.0364,1.0216,1.0248,1.0154,1.0046,1.0234,1.0106,1.0154,1.0152,1.0112,1.011,1.0078,1
1.106,1.177,1.3994,1.5208,1.645,1.4494,1.1234,1.4574,1.19,1.148,1.322,1.4452,1.5406,1.673,1.8532,1.8288,2.131,2.3842,2.7094,2.8468,2.8342,3,2.9064,2.8202,2.6674,2.4106,2.3068,1.8966,1.492,1.404,1.2892,1.1988,1.302,1.4784,1.8868,2.0046,1.8882,1.9142,1.7854,1.58,1.6816,1.998,1.7264,1.2774,1.36,1.2598,1.1046,1.1634,1.0938,1.0228,1.0598,1.0488,1.0398,1.0514,1.0164,1.0302,1.0342,1.0292,1.0268,1.0112,-1
1.0598,1.1376,1.1984,1.2042,1.16,1.1258,1.026,1.1626,1.3522,1.1996,1.1046,1.1808,1.531,1.6198,1.704,1.7784,1.7924,1.4898,1.471,1.609,1.6224,1.9396,2.1068,1.9064,1.8928,1.934,1.9242,2.3976,2.5252,2.405,2.4764,2.4892,2.5854,2.0454,1.7934,1.6084,1.2618,1.4816,1.356,1.3196,2.1314,2.2886,1.8482,1.9134,2.152,2.0586,1.6574,1.2566,1.1396,1.0668,1.0684,1.0918,1.0554,1.0344,1.0174,1.0092,1.0406,1.026,1.023,1.003,-1
1.0142,1.0206,1.027,1.0988,1.0506,1.1612,1.1402,1.1476,1.0234,1.1796,1.0578,1.3108,1.2874,1.207,1.2848,1.2454,1.1784,1.4094,1.1654,1.3048,1.6062,1.3216,1.1334,1.2852,1.079,1.3306,1.6798,1.971,2.0412,2.1016,2.2204,2.1978,2.3528,2.7794,3,2.9034,2.6918,2.4146,2.3394,2.2652,2.0204,1.8322,1.5632,1.341,1.2842,1.1942,1.1758,1.1726,1.071,1.0466,1.0504,1.0086,1.0096,1.0152,1.0248,1.021,1.0108,1.0064,1.0146,1.0126,1
1.0478,1.0378,1.0932,1.088,1.1314,1.1484,1.276,1.2198,1.2768,1.2752,1.1876,1.0518,1.2998,1.5702,2.1486,2.6556,2.7338,2.6262,2.809,2.8092,3,2.9952,2.9744,2.9522,2.8018,2.9448,2.935,2.5266,1.8868,1.7644,1.9454,1.8014,1.6762,1.6344,1.4444,1.1466,1.5384,1.3776,1.1424,1.2124,1.1388,1.06,1.1786,1.2918,1.2696,1.0782,1.1092,1.0938,1.0402,1.019,1.031,1.0182,1.0302,1.016,1.0036,1.0156,1.009,1.0052,1.0072,1.0048,1
1.0316,1.0478,1.03,1.0988,1.1976,1.285,1.2926,1.2438,1.3394,1.3846,1.4722,1.5438,1.6098,1.5972,1.4452,1.349,1.4918,1.62,1.7144,1.8566,1.8536,1.747,1.917,2.2188,2.4442,2.519,2.7412,3,2.963,2.4374,2.1696,1.8384,1.7512,1.6526,1.3888,1.2788,1.334,1.255,1.3332,1.5148,1.4516,1.5554,1.3226,1.267,1.3952,1.2468,1.3108,1.2114,1.098,1.0194,1.0446,1.0242,1.0216,1.0114,1.0056,1.0158,1.0068,1.0092,1.0044,1.0042,-1
1.068,1.125,1.0762,1.0514,1.0882,1.2054,1.2574,1.37,1.5294,1.8234,2.049,2.0682,2.1108,1.783,1.59,1.615,1.6042,1.5438,2.0886,2.5864,2.7502,2.7334,2.4214,2.3822,2.4574,2.7584,3,2.9632,2.7968,2.2096,1.9868,2.0742,1.9172,1.5816,1.1548,1.4498,1.3204,1.7916,2.2234,2.0392,1.4642,1.874,1.7594,1.8644,1.9784,1.3802,1.188,1.2728,1.1812,1.0288,1.0658,1.0282,1.0038,1.0134,1.0198,1.0084,1.0114,1.0102,1.0066,1.0116,-1
1.0788,1.084,1.0892,1.1102,1.1194,1.2832,1.1912,1.1604,1.3236,1.5116,1.6156,1.6808,1.68,1.7902,1.6704,1.4504,1.4172,1.4496,1.6764,1.9156,2.2948,2.3416,2.4014,2.5238,2.549,2.3534,2.4746,2.5668,2.9238,3,2.6172,2.1116,2.0818,1.9976,1.6216,1.5794,1.4488,1.192,1.4574,1.6456,1.6908,1.7764,1.648,1.1852,1.2346,1.1132,1.1532,1.1938,1.1176,1.01,1.0236,1.0292,1.008,1.0228,1.0064,1.0124,1.0202,1.0136,1.0106,1.0174,-1
1.0188,1.0666,1.0612,1.0752,1.2592,1.359,1.3818,1.3384,1.374,1.345,1.4456,1.6212,1.8288,2.0314,2.0738,2.0214,2.2882,2.4652,2.6328,2.7712,2.9782,3,2.75,2.7262,2.8148,2.7348,2.55,2.32,2.123,1.8032,1.4662,1.2328,1.219,1.0862,1.1238,1.3912,1.424,1.6484,1.8204,1.5878,1.3822,1.3404,1.202,1.3024,1.2854,1.2194,1.2346,1.1944,1.1406,1.0562,1.0432,1.0306,1.0224,1.0482,1.0328,1.011,1.0156,1.011,1.0182,1.0134,-1
1.0828,1.0872,1.0894,1.1688,1.0838,1.243,1.4004,1.3032,1.1636,1.395,1.4618,1.605,1.7876,2.01,2.1744,2.322,2.4834,2.6012,2.6912,2.5878,2.7608,2.6768,2.5704,2.6958,2.4868,2.2866,2.1028,1.7038,1.6336,1.6692,1.4112,1.2064,1.6336,1.808,1.8564,1.9076,1.7408,1.7482,1.7678,1.6988,1.876,1.853,1.5708,1.5616,1.479,1.0738,1.161,1.1082,1.0354,1.013,1.0444,1.009,1.0272,1.0226,1.0106,1.033,1.0282,1.0154,1.0492,1.0396,-1
1.0172,1.043,1.0484,1.089,1.1334,1.1542,1.0998,1.1812,1.2458,1.237,1.155,1.2202,1.2084,1.1706,1.0912,1.2608,1.538,1.5894,1.7338,1.9896,2.255,2.6324,2.8474,2.742,2.6104,2.7512,3,2.9716,2.8854,2.6228,2.3974,2.362,2.3182,2.3908,2.458,2.336,2.1834,1.9798,1.6878,1.4732,1.3432,1.2026,1.1532,1.169,1.052,1.0666,1.041,1.0618,1.0202,1.019,1.0094,1.0144,1.0108,1.0044,1.0032,1.0058,1.0116,1.01,1.0048,1.006,1
1.0466,1.0788,1.0832,1.1094,1.1986,1.303,1.3348,1.3026,1.3446,1.4156,1.2478,1.0472,1.3542,1.623,1.998,2.3414,2.531,2.697,2.961,3,3,2.9984,2.8134,2.3606,2.0206,1.9432,1.996,2.2392,2.4342,2.2632,1.7108,1.5794,1.8632,1.7582,1.4842,1.1888,1.0702,1.1688,1.0872,1.226,1.409,1.3874,1.1668,1.3004,1.335,1.2116,1.2222,1.1698,1.1192,1.0402,1.0142,1.0208,1.0124,1.0052,1.005,1.0122,1.0076,1.0202,1.0156,1.0012,-1
1.0324,1.0082,1.0478,1.0882,1.126,1.1842,1.2736,1.2156,1.3104,1.3558,1.4328,1.5136,1.6178,1.7658,1.8786,2.067,2.1992,2.3456,2.4618,2.6184,2.7882,2.9336,3,2.9786,2.8752,2.7982,2.8368,2.8256,2.5622,2.2036,1.753,1.66,1.456,1.0424,1.2234,1.3576,1.4746,1.5686,1.4482,1.543,1.6726,1.5092,1.3734,1.432,1.2556,1.1536,1.214,1.1892,1.1272,1.0454,1.0256,1.0346,1.027,1.0228,1.0124,1.0314,1.0176,1.0072,1.0106,1.006,-1
1.038,1.0076,1.1284,1.0904,1.0666,1.138,1.1802,1.2908,1.148,1.0698,1.2918,1.6946,1.6394,1.5646,1.0332,1.1144,1.4328,1.9126,1.7638,2.1254,2.2968,2.447,2.6484,2.7532,3,2.7164,2.3126,2.0174,1.9634,1.906,1.9042,1.9064,2.077,2.0616,2.0712,2.0542,1.852,1.4872,1.241,1.769,1.8214,2.0134,1.8432,1.4958,1.3172,1.2248,1.1302,1.1578,1.065,1.014,1.0052,1.0186,1.0236,1.0224,1.0188,1.028,1.0144,1.0044,1.011,1.0244,1
1.0846,1.0642,1.1418,1.0216,1.214,1.1946,1.1922,1.2646,1.4924,1.5392,1.6824,1.8584,1.7364,1.788,1.593,1.6344,1.565,1.61,1.4816,2.084,2.3604,2.264,2.1648,2.361,2.1968,2.6824,2.9822,2.8374,2.601,2.3426,2.1264,2.4664,2.2076,1.515,1.0698,1.3598,1.6078,1.952,2.1512,1.8508,2.0092,2.4358,2.2326,2.1326,2.1498,1.7186,1.5052,1.4598,1.2542,1.0712,1.0734,1.0352,1.007,1.0186,1.0242,1.015,1.0112,1.0042,1.0086,1.0034,-1
1.0432,1.043,1.0546,1.0278,1.0714,1.157,1.1812,1.1816,1.2302,1.1946,1.2406,1.2204,1.2384,1.3524,1.478,1.4276,1.3858,1.353,1.1492,1.253,1.401,1.3142,1.521,2.0772,2.688,3,2.7368,2.3484,2.1074,1.9276,1.7218,1.411,1.324,1.4184,1.62,1.4688,1.2116,1.0766,1.1056,1.2582,1.4482,1.383,1.3174,1.1884,1.168,1.134,1.0684,1.0938,1.0714,1.0272,1.0164,1.028,1.0088,1.0104,1.0146,1.0042,1.0094,1.0048,1.0018,1.0034,1
1.0548,1.0484,1.1242,1.112,1.2258,1.1946,1.3646,1.349,1.288,1.3616,1.4732,1.1812,1.3498,1.8024,2.0374,2.4624,2.8124,2.852,2.4868,1.8926,2.0206,2.3904,2.551,2.6728,2.4566,2.2798,2.1518,1.8292,1.699,1.8874,1.533,1.4048,1.3884,1.153,1.745,2.1686,1.9654,1.4694,1.1998,1.6488,1.798,1.595,1.3368,1.3522,1.3366,1.1458,1.238,1.2594,1.1496,1.0134,1.051,1.0226,1.0216,1.017,1.0094,1.0148,1.0208,1.0322,1.044,1.0346,1
1.1442,1.3148,1.2224,1.217,1.1332,1.36,1.2216,1.5588,1.2816,1.159,1.5068,1.784,1.675,1.322,1.3778,1.6616,1.4564,1.4354,1.3706,2.0334,2.0684,2.2596,2.6874,2.3512,2.165,2.2282,2.7618,2.675,1.7738,2.0102,2.091,1.8482,1.3068,1.99,2.3966,2.4218,2.1294,1.974,2.103,1.8866,2.05,2.215,2.0502,1.2718,1.8536,1.8884,1.4386,1.18,1.24,1.1256,1.0468,1.0618,1.0254,1.0164,1.0562,1.0234,1.0184,1.0294,1.0314,1.0258,-1
1.0456,1.1706,1.2,1.0856,1.2234,1.3302,1.3194,1.4232,1.659,1.7034,1.666,1.7286,1.804,1.9462,2.0392,2.3146,2.6852,2.6952,2.6688,2.6906,2.5998,2.7074,2.9284,3,2.8714,2.8818,2.814,2.4208,2.264,2.1334,1.7002,1.4894,1.3396,1.658,1.7348,1.4662,1.4826,1.5112,1.3784,1.388,1.6148,1.557,1.0616,1.2476,1.3708,1.3506,1.2158,1.1456,1.0484,1.0382,1.0318,1.0344,1.0382,1.052,1.028,1.025,1.0232,1.0186,1.0024,1.0072,-1
1.0706,1.1426,1.0652,1.0544,1.074,1.1584,1.2166,1.1374,1.0596,1.176,1.2156,1.1958,1.45,1.5638,1.4198,1.248,1.3398,1.1878,1.2182,1.282,1.2536,1.6302,1.286,1.4528,2.1512,2.5752,2.4316,2.1996,2.1166,2.259,2.5318,2.788,2.6872,2.3614,2.676,3,2.8994,2.5732,2.1294,1.696,1.517,1.4608,1.5896,1.6726,1.6034,1.4386,1.2632,1.2156,1.1118,1.007,1.0196,1.0326,1.0484,1.0086,1.0404,1.0216,1.0074,1.0192,1.0186,1.0106,1
1.1174,1.242,1.2536,1.2996,1.2872,1.1122,1.1664,1.1344,1.2744,1.4704,1.6416,1.8514,2.0402,1.9828,2.19,2.4442,2.8078,2.8222,2.7446,2.5372,2.4652,2.0444,1.6194,1.6344,1.454,1.328,1.3492,1.367,1.4096,1.3348,1.5534,1.6208,1.6798,1.8882,2.0092,1.5628,1.3362,1.5266,1.6396,1.3866,1.1868,1.0886,1.156,1.1444,1.081,1.1106,1.2162,1.2278,1.1534,1.053,1.043,1.0662,1.0222,1.0176,1.0316,1.0244,1.0076,1.0202,1.0456,1.0248,-1
1.0174,1.0092,1.0162,1.046,1.1172,1.1364,1.1986,1.1434,1.1152,1.1636,1.263,1.3724,1.5578,1.5158,1.448,1.5136,1.5866,1.5982,1.7848,1.9382,2.133,2.2928,2.3548,2.5154,2.7712,2.8838,3,2.7128,2.358,2.1174,1.8294,1.5892,1.405,1.1376,1.2342,1.4314,1.4432,1.5552,1.4618,1.2888,1.3026,1.349,1.3512,1.2848,1.1816,1.0276,1.0938,1.096,1.0318,1.009,1.003,1.0104,1.0076,1.0158,1.0228,1.01,1.006,1.0128,1.0116,1.006,1
1.2042,1.166,1.1154,1.1254,1.127,1.2656,1.1976,1.3574,1.2398,1.2738,1.5018,1.5262,1.5592,1.5954,1.7646,1.6258,1.7912,1.4186,1.6436,1.669,1.6368,1.5774,1.722,1.5132,1.8212,1.9182,1.9444,2.4556,2.5182,2.3158,2.5028,2.3332,1.9806,2.1924,2.3104,1.8028,1.2376,1.649,1.6214,1.2708,2.0218,2.5976,2.5034,2.1016,2.1716,2.4584,2.1044,1.6678,1.3216,1.095,1.2008,1.1418,1.0634,1.0618,1.0504,1.0174,1.0354,1.0428,1.0454,1.0212,-1
1.2166,1.214,1.0514,1.1674,1.1496,1.225,1.6644,1.918,2.1052,2.1932,2.0608,1.4502,1.4804,1.5378,2.3292,2.3264,1.3348,1.1674,1.8662,2.7436,2.5984,1.7424,1.3406,1.3222,1.4172,1.5694,1.4422,2.2268,2.1614,2.385,1.765,1.8606,2.5582,2.7406,3,2.8424,2.8772,2.8606,2.4628,1.9582,1.4174,1.4032,1.3338,1.5744,1.8748,1.6194,1.3156,1.1106,1.0668,1.0418,1.0344,1.036,1.022,1.0468,1.0552,1.0064,1.0168,1.0244,1.0164,1.0286,-1
